194.0789389   1.4306290
197.4511769  -0.8667507
197.3968689  -0.8585989
194.6045889   0.3036955
197.5012792   1.0090089
197.4310228   2.0562531
197.7399495  -0.5111428
196.0253571  -1.7372154
197.5357715   1.3608279
195.9336509  -1.2651131
197.4532448   1.0343747
197.7314283   1.4671151
197.0935627   0.6431620
195.8215356   1.2870625
194.4803952   1.2263953
195.1711592  -0.1942475
196.8467601   1.2680078
196.6418158   0.5006333
197.9022339   0.1544903
196.4144324  -1.2505876
196.4959914  -0.2879676
195.4424616  -0.1420746
194.7013607  -0.6778346
196.4318598   1.6614788
195.0921556  -0.9442910
197.5036644   0.0627019
198.1835916  -0.9806693
195.2534111  -0.1123997
194.9423792  -1.2632920
196.3364389  -0.8020836
196.3340110   0.0554287
195.6506511  -0.5284548
195.8812707   0.5401384
194.7774720   0.4596095
196.7956851   1.2702416
196.7562317   0.0727692
196.2908414   1.3475968
196.2508301  -0.4053199
194.4488493   0.4982585
197.3327723   0.5391724
196.3296256   1.7033085
197.4996840  -0.5634287
197.4101176  -0.0287219
197.0610129  -1.4017962
197.8657032   1.0222962
195.9563228  -0.1434006
197.1580271   1.3010636
197.5137017   1.8111371
196.6069609  -0.6404438
197.8687504  -0.9342905
197.6776965  -0.9227643
194.7835795  -0.6221702
194.3097122   1.3205203
197.7243478  -1.2418298
194.2471907   0.9929609
195.1149120   0.4124936
197.7266006  -0.1373912
196.6628029   0.5363395
197.5995643   1.6064721
197.5483253  -0.9152940
196.0667017   0.8499245
196.3987311   1.2223367
194.9038391   1.2461619
196.7726822   1.8167300
195.3355297   1.0693267
196.4186275  -1.4707455
197.2075764   2.1025742
197.1226395   0.6854266
196.0455196   0.5298264
195.7567586  -0.8609046
196.6929391   1.1336418
195.4114762   1.1497546
196.7564217  -0.6353239
196.1910994  -0.5056371
195.1597584   1.2106684
197.3978943  -0.7109833
194.8999671  -0.0660831
195.9613412  -0.0601355
195.7574645  -1.4039849
195.8051069   1.4719334
195.5359703  -0.4515571
196.7361505   0.8884230
195.6601687  -0.7678442
194.9318027  -0.2507828
196.5276084   0.9776229
196.4652872   1.3414780
194.7706001   0.1680047
195.8975383  -0.0387046
195.3297732   1.0149698
197.3388706  -0.6212712
195.3439054  -1.0830498
197.5162246  -0.3914795
196.8821424   0.9402876
196.3765508   0.7920157
194.9784774  -1.2555057
195.0203370   0.7652862
197.9607387  -1.2644049
195.6284568   0.1808947
195.7124388   0.0348955
197.8780287   1.3243008
194.7357738   0.0906880
197.2643513   0.2879345
196.9669579  -1.3528374
194.8638083  -0.9153413
195.5271112  -1.4132867
195.2645700   1.1684935
195.6997336  -1.1783077
196.5805991  -0.7767903
196.7112332   1.3527837
195.1861464   1.5597089
194.9017166   0.1196200
197.7972706   0.7920074
196.5594001   0.0995086
197.6665357  -0.8967950
197.3373392  -1.1774207
196.9714305   0.8442149
196.2513357   1.3776170
196.3029044  -0.7941387
197.3473240  -1.0362239
194.7409065   0.0756682
197.7886805  -0.9462223
197.9412370  -0.2212839
194.2494773   1.5010891
196.8892904   0.0898079
197.3124108   0.0987775
196.0507006   1.0989633
195.5133442  -1.1693859
197.1764235  -0.4533876
196.9421046   1.8087825
196.7927888  -0.1385227
197.2860996  -1.1695008
196.6508142  -0.6219919
194.8705502  -1.5143388
197.3425741   0.3601931
196.4131399   0.3243068
195.8558257  -0.3392428
195.2335560  -0.2444348
196.7680440   1.2181927
196.9670118   1.4004676
194.3181936   1.1880674
195.6707576  -0.2779063
198.0805724  -0.3420823
196.4704546   0.9788292
194.6113315   1.2392676
196.5863584   1.7096101
196.8499286   0.3603193
196.4384414  -0.7717235
194.7905539   1.5066332
197.0337645  -0.7280455
197.2525331   1.0179166
194.9724765  -1.6622391
197.7594527   0.4757588
197.4902592  -0.1890558
197.4071252  -0.6927340
195.7262384  -0.9381651
195.4762851  -0.0958823
195.1076244   1.2835715
194.6588859  -0.5592557
196.7633759   1.4399335
194.7019274   0.3282581
194.5829193   0.5457242
196.5269561   1.7856911
195.8449978  -1.4697624
195.1318375  -0.9863376
196.5380980   0.8081160
195.2948626  -1.1850915
197.7073097  -0.0902275
197.1034102  -0.4444829
194.6490098   0.9434232
197.2083490   2.0428358
197.6517650   2.0054059
198.2076178  -0.5094708
195.5714125  -1.3729264
197.1129699  -0.8954750
194.5832065   0.8135644
196.0902081   0.7838297
197.6895933  -0.3705563
197.5848203  -0.6046827
197.0673469  -1.5457282
196.6688563  -0.6516784
197.1780776  -0.4221991
194.7278323  -0.8578273
195.4913704  -0.9380664
197.8572538  -0.9357760
194.7312650  -1.4285512
197.1009598  -0.9163260
197.8526050  -0.0894420
196.8185356  -0.1075870
196.3416697  -1.3536486
194.4654261   2.1577619
195.4745187   4.3759441
193.7418235   4.3904318
195.0296769   4.0488176
193.8524769   4.3346656
194.2966741   1.0586661
195.9874799   2.5540763
193.5154190   3.2627008
192.7225805   3.8153731
194.8191392   2.0455380
194.4536710   1.1082749
196.5943379   3.5529553
194.3742825   3.3321869
192.8425209   3.6693429
196.9499724   2.4990857
195.4721601   4.1333681
193.4088349   4.0260228
194.1828538   4.5018051
194.3071703   4.3418080
192.8865226   3.2336560
194.7372465   4.2925629
195.1073493   3.4303085
196.8311767   3.0045354
195.0690714   4.2407794
195.7606374   3.6693937
196.4710786   3.5710789
194.7960069   4.9328327
195.0048023   1.2908539
195.1740245   4.4337830
195.4135015   3.3166671
194.4735776   2.0910055
195.9554896   4.9668344
194.7315218   4.9163908
194.9740022   2.7141809
193.3915450   2.6806874
195.5279469   4.2481813
194.6936036   4.0598974
194.5497914   4.5587650
195.8930375   4.0940009
193.1329051   3.1315983
195.1365615   2.8992803
196.2415480   4.5149874
195.2250838   1.7202173
195.4797822   4.2725548
194.7714161   1.7167516
194.6111631   4.7385306
194.5979623   4.5806268
196.1645904   4.3508009
196.6490607   2.7343104
194.5497598   5.0940813
194.7101687   2.6418485
197.2918246   2.9039421
195.8887573   4.0313029
196.6137582   3.5434653
194.8731043   2.1586336
194.3439842   2.0836541
193.9526634   3.5360763
193.0965588   3.1753129
196.7244908   3.6067359
193.6098587   3.3425386
193.7163917   4.0843294
195.0599372   3.1822139
193.1194913   3.8872864
194.6667356   2.6680720
194.5825807   3.7747375
194.4519778   1.2483092
194.3793580   3.8717162
196.0554421   2.5827673
192.7469810   3.5668630
194.3341603   1.2600927
195.2698832   4.2441708
194.0400695   3.7817013
193.0464249   3.1601572
193.7250164   3.0910713
195.0616899   2.7488817
194.1890968   4.7914135
195.9717792   3.1706102
195.3552915   3.0383296
194.4704234   2.6125310
193.7006230   2.2581348
195.3319581   2.9946275
193.3537046   4.0583207
193.9439134   1.7530545
195.3741480   5.2888891
196.6661074   3.0498933
195.1326984   2.2478051
194.4035237   1.5771910
196.0896304   4.0392187
194.4603101   4.3522989
195.9690036   2.1321014
194.4643508   1.6298293
192.8371948   3.9382912
196.5090554   3.2362263
193.4910926   4.3470423
194.7138624   3.0451978
194.4079971   1.2390987
195.9174917   3.1185766
194.9244377   3.2031069
193.6074921   4.2707507
193.0893214   3.6214455
193.1750065   3.3019335
196.4926364   3.4246377
192.9758667   3.8265868
194.7512805   1.2886182
194.0638619   2.9700550
195.6351593   1.7668109
196.9996900   3.4039582
196.7492911   2.4471769
195.8093551   2.9734550
194.6553666   1.7246350
196.4021891   3.7608991
194.4345947   4.6517454
194.7476886   1.2530260
193.7664372   2.7804541
193.3907076   3.3509246
195.3896815   4.1350200
195.0604724   1.3547682
195.8378906   3.4897492
195.3911063   4.1564697
194.7221325   1.2191724
195.5216251   4.8937505
196.1246379   2.5682292
194.4753984   4.6526592
195.0144673   4.9510134
193.5486177   4.4764592
194.7623313   3.9150458
194.2761720   4.3037133
196.3445841   2.0993823
194.4220293   1.0305412
195.4416210   3.0268701
194.4440060   3.5466989
194.2433562   2.7396250
193.5009639   2.8263439
196.9213891   2.8584194
193.9728014   2.3155410
195.4889685   3.6099791
195.4176651   1.4878166
196.6516644   2.3869568
195.5806119   1.9949924
196.5585793   2.9176168
194.8688449   2.9495869
195.7146233   3.7312271
194.8499629   2.0939922
193.8182456   3.8399667
195.3609626   3.8138168
195.7586575   2.1290167
194.9197362   3.4528569
195.7734365   3.6481481
194.0725958   1.9706513
195.7480439   3.4853199
195.7404812   2.5712178
194.8618481   4.8701743
195.0571317   4.3608501
193.4373336   4.4176866
196.0967216   4.1383706
195.4035777   4.8374972
194.5595244   3.6329596
196.7357985   3.0759994
195.9835601   2.1790210
194.8539215   2.3197497
194.1781905   1.5114674
194.1000555   3.9195864
195.8659099   4.8328280
195.1955738   4.1696204
195.9246256   3.2774352
195.1514627   4.2548976
193.2256107   4.1151611
195.2457985   2.1968791
194.2222668   1.4626914
196.3754957   3.8077961
194.5574391   4.6258528
194.4484187   3.9972891
193.2272680   4.2652544
194.2975183   1.3981962
194.6296643   4.5319601
196.4409369   3.6146004
197.1661376   3.0336065
195.6798850   3.4706846
196.7635309   2.4750945
193.6627165   3.7382596
196.1637946   3.4525543
195.5579463   3.3955059
195.9584920   2.9317155
194.1219099   4.1234151
192.9142647   4.0507272
194.7366229   3.2295961
194.5183639   2.9486778
194.5626557   3.2804820
195.1857337   4.1225250
196.3751181   4.4532978
194.3512568   0.9524253
194.9507661   4.6345309
195.1256167   1.4903902
194.9044060   3.8520146
195.0686327   1.7638148
195.4435135   2.0580839
195.5159110   5.1424314
193.2792460   4.0003628
194.1711301   4.8734726
194.8283504   1.7393562
195.8255576   4.4652230
195.5197419   3.0934860
194.6454778   5.0200541
194.2489002   3.2994357
194.6551981   4.9033433
194.2966149   3.6314815
194.2020595   4.4490380
194.6314939   3.5823560
195.0810859   3.3536201
193.7466064   2.8806035
194.6047412   4.3572245
195.7576667   2.3784088
193.1733809   3.7947223
194.9859841   1.3548673
194.2247461   2.7292545
196.9890692   2.9051390
194.0985576   1.5931015
193.8980805   3.6094634
196.3744906   3.5029400
195.1277859   2.1688724
195.2588644   1.6209418
195.2891962   3.1709024
194.2538829   4.9815927
194.0709135   4.4782177
193.7955489   1.9345066
193.7364754   3.3336112
195.9857233   4.1618745
195.9482353   1.9837131
195.4540249   1.8157987
193.7912594   3.7109701
196.6713368   3.2573915
195.6435109   3.0150654
193.6363670   3.9447214
195.9011840   5.0619073
194.5167559   1.5349407
193.2306669   2.8928700
195.4646372   4.7941052
193.9224369   2.2005373
195.7206340   2.7878183
197.0081642   3.0392913
195.0070407   3.2680264
194.6751076   5.1616611
194.5155706   4.8352719
193.7132758   4.1761190
195.3924486   3.6073608
193.9987631   4.4608433
195.8249230   4.7719898
194.6634678   2.4666382
195.7484579   3.2595162
194.7653023   3.7428925
196.4761754   3.8711774
196.0678037   4.2949923
194.8987255   3.5604971
194.8555147   1.1668522
193.6294295   3.5135667
192.4247729   3.6108027
193.4685197   4.1903160
194.8668107   1.8163380
194.5629465   4.6194032
195.1624827   1.9295878
195.0732516   3.1816953
195.4771002   3.3538090
196.5694319   3.3617187
195.5467557   3.0640413
193.9100097   4.1706960
193.4512816   4.3030425
195.3327877   1.7697506
195.3378031   3.0870102
194.5854995   2.2902797
195.4398292   5.4039120
194.8934497   2.6148847
193.8838635   2.8382848
194.6107613   4.4979906
193.6178389   4.4822630
193.2806326   3.5475373
195.4642729   1.7529047
192.8151917   3.6724964
196.5548621   3.0603202
194.0304191   1.6717620
196.4217500   3.7110755
194.1721470   1.3275715
193.1953182   3.2435466
193.9868140   4.6538059
196.0263043   4.8659925
195.9409593   2.6557255
193.9945467   3.1731656
193.8685038   3.0332563
193.2980777   3.8165608
196.4982764   3.3522470
193.9958026   4.6367950
194.0557419   2.5686969
195.5157085   5.0183902
194.8030058   5.0387291
194.0506679   4.7448278
195.3986463   2.9898721
193.3582403   3.7867355
194.5834026   2.4628995
194.1393309   3.9235436
195.2996554   4.0624713
193.9342177   2.5330604
194.8260048   1.3800822
196.4063119   4.2797031
194.5935148   5.0076786
194.5740521   5.1971391
194.2965626   3.5416018
196.6092537   4.0630387
195.3117829   2.4983639
194.8593115   1.7299855
194.9058643   3.2733942
195.3207530   2.8896007
196.8421864   3.5085372
195.5742176   4.7421077
196.0028990   2.4393101
196.7468621   2.4832203
194.1195447   3.6285708
195.1499368   4.8731131
194.3064351   3.1052972
196.2302167   3.1580279
194.8938460   4.7868146
195.8431957   4.3729670
193.8933985   2.0029200
196.7898419   3.1464533
193.4737676   2.4555105
195.2933830   4.0212702
195.5687799   4.8718301
196.1477318   2.6056772
196.5629563   3.6037467
194.6068925   3.9025088
195.1629037   1.5050329
197.0121345   3.4308087
195.5567392   4.5759631
195.0233356   1.9609758
193.3423306   4.3000977
194.7948946   3.8968404
193.8121952   1.9118969
195.6702808   2.6977439
193.8823403   2.1179572
195.3810502   5.5518317
195.5254458   1.6623684
195.1042981   3.5639384
195.1017707   4.8192980
192.3635485   3.6686845
192.5249898   3.5570937
194.4582184   4.9132994
194.3417718   3.7785272
195.1808368   4.4648723
195.6057084   4.8255812
194.2313425   4.0889220
195.0856385   3.4504846
195.0959495   5.1907892
192.8664449   3.2135740
195.8839819   2.5524644
195.8123667   2.2037714
194.9356958   1.9414188
195.4319997   5.0079830
194.9738054   3.3910644
195.1643849   4.1481372
193.2572028   3.6856788
193.0035809   3.3800428
195.3516578   5.4889666
194.0134516   1.7382329
195.8826150   1.8176074
195.9315589   2.9745380
194.4934398   5.0139127
194.7050461   3.5642130
195.8012517   4.8079231
196.1058809   2.3424715
196.4468408   2.4345951
193.2635684   3.3584847
196.0488505   2.9094871
194.7305260   2.7367937
194.7809536   4.1277073
194.8241239   3.1799314
194.6848850   1.4867830
195.9039725   4.8693786
196.2635067   3.7188232
195.0181973   4.3244899
193.6546982   2.4445459
194.7717540   4.9745244
195.4309380   2.3875774
196.2085362   2.8984788
195.9270970   2.9669124
192.9565088   3.9568242
194.4869318   5.0489667
194.2005336   2.9631639
195.3335673   5.1317534
194.1871221   4.0205626
195.1040601   3.9144647
195.1642876   1.6021437
194.2566364   3.3378756
193.4733074   3.9253385
194.7119908   1.2466539
195.6247269   4.9356892
196.8129814   3.3308836
194.4421965   2.0842966
195.5492877   4.5438560
196.8801767   2.5546026
194.5997858   3.4556235
196.1101539   2.9046591
195.0411461   3.5412162
194.0338244   3.0317574
194.2395536   2.7285013
194.5656802   3.8491546
195.1231431   2.1559119
195.0995657   4.5008311
195.7173251   2.8028271
196.2157384   2.4748366
193.9423050   1.7193685
193.2366498   3.4765285
195.1872046   4.9403271
195.1308852   5.1564408
194.3520093   4.2285197
194.8921272   2.2634623
194.3176796   1.2698280
194.7292559   3.0630271
193.8623784   2.5580502
194.1943088   2.5381593
195.7624848   4.1537432
194.0310786   3.9193960
195.3547054   5.5531453
194.8182563   2.2036914
196.5692248   2.9256073
193.7162056   4.2064845
194.2098812   1.0196883
195.0979362   4.1871642
196.6885645   3.0052577
193.8305380   1.8660304
194.6761100   4.8240264
195.0885076   4.0143913
195.9417299   4.6821613
193.5845253   4.1297824
196.1667598   4.1853084
194.1271750   3.4829180
193.9705812   2.3348632
196.9276159   2.5637602
195.2063066   3.7231821
195.7905503   4.3879748
196.2905128   2.3157307
196.3393272   4.5478812
195.6580919   2.9918807
194.3876585   2.1118513
195.4089339   4.6484989
195.3247017   3.5386575
194.9688513   3.6107606
195.3117195   3.6224514
193.4769590   2.7984191
195.1535559   2.6877517
197.3140092   2.8654467
195.6277531   5.2403628
195.4783827   2.4716292
194.2087489   4.6383131
193.7841052   2.0877400
196.0892139   3.4529384
193.7851178   3.8920632
194.0291599   3.2724374
195.7969610   3.6486423
195.6808743   2.1019745
193.9918716   4.1658733
196.1103741   3.7407343
195.3216545   2.6771210
194.1318198   1.8971815
194.5257672   4.3869380
194.1733894   4.4713874
194.8675271   1.5953589
196.2427500   3.3937997
192.7814247   3.5053575
195.0381896   4.1931461
195.2948779   2.9903043
194.8744639   3.6493674
194.9516259   4.9440355
194.6401589   3.8953863
195.3180829   2.2598369
194.2394918   3.8158653
194.8119449   2.2445089
196.5908735   3.3658569
194.3980313   1.0143630
194.9347296   5.1778820
194.3949997   2.5519354
193.0630513   3.4815968
193.9123334   4.0132538
196.4550129   4.1817813
196.5222599   3.2609455
196.0226982   4.6752726
194.3495276   4.2238804
194.6243578   1.9801913
195.3348899   2.2120326
194.3697735   1.1159656
193.9539852   3.7164085
195.5544325   5.4110907
193.6060384   4.2289222
195.4879799   1.5236683
195.9844103   2.6629471
195.3097822   4.5691635
197.0805140   2.8775485
194.5192237   1.7576213
193.6340758   3.2850261
195.2996966   3.0037042
194.5321170   0.9783091
194.7493558   3.1310436
196.7184241   2.8591888
193.1704175   3.0874197
195.7375669   3.6145409
196.1051486   1.9456058
193.6843644   4.0620366
193.7079067   3.8557343
194.0511856   4.4582542
194.3263166   4.2192993
195.2940552   1.7754055
194.4927040   3.6013716
195.1661563   1.6700195
196.5065056   3.9440249
194.8549862   3.0919117
196.8538598   3.5589626
195.0828021   1.7830273
196.5869791   3.0552626
194.0747537   2.1807274
195.9733366   2.7801655
196.0174417   1.9899644
193.9059693   4.6195374
194.6140149   4.0994688
194.7583367   4.7782059
194.9856377   4.2382967
193.1710785   2.8861534
196.3300700   3.0623043
195.6168770   5.3580388
193.9806494   3.3685539
194.3938167   1.8657659
195.9618203   3.8275913
195.9648302   4.3205388
194.6142315   2.8142526
195.2154132   5.0352649
194.3728920   2.8511606
194.3050146   3.9395583
193.8530261   3.3167414
196.2153637   4.6142469
194.2751604   2.8507329
192.6922141   3.6328666
194.2102545   2.6939502
196.2808268   2.7920248
195.2083662   2.8817110
194.1778376   4.0403395
192.5809712   3.5864535
193.6513521   4.2800400
194.8795347   4.9475526
193.2953161   2.8162285
196.9138469   3.2208717
196.1028013   4.4847215
194.2594818   3.9187255
196.3728778   3.5078942
194.0331542   4.1719020
193.6379919   2.6650035
196.0956663   3.0755767
196.2699942   3.4737028
196.6380602   3.0165026
196.5933269   2.8258431
195.3290181   3.0596924
194.2332988   3.0216198
195.5532210   3.6861064
195.6918796   2.9480120
195.8395063   3.5469053
193.3407289   2.8050408
193.0741218   3.1331529
194.4061795   2.4189708
194.7211933   2.0383324
193.6703097   3.1403695
194.6160494   3.8615806
195.2856002   5.0806822
195.3633469   5.2218249
195.9927465   4.2610949
192.4129279   3.7264414
195.2822324   4.3943481
194.1080855   1.5027540
195.1309775   2.3468795
194.0212811   3.8547124
192.6995889   3.8630551
194.3234166   3.8805605
193.4781135   3.6125137
195.0508546   5.2107443
194.5032059   5.1002532
195.5151894   1.9792947
193.5827813   2.8557495
193.9368847   4.3519150
194.2664172   4.8252529
193.8515331   2.2853384
195.5760368   4.2120361
193.6741886   3.0442119
196.0899273   3.8496590
195.6278767   2.7981432
196.7386231   3.4821289
196.3347776   3.8505738
195.3747214   4.0529668
195.5401241   2.1505975
194.8078413   1.2518575
195.8765582   3.8437664
193.4475580   3.6431369
193.3661800   3.0170798
193.7702346   4.0415670
193.9159427   4.7034495
193.9340538   4.0755261
195.5262466   3.5532044
195.8471720   2.2504227
195.6795150   5.2031184
194.3774354   1.6924912
195.5768370   5.4376426
194.4653074   4.2022260
195.8443279   2.4825537
195.8395701   4.5145334
194.0902103   3.6187615
195.0676452   1.4859033
196.3441127   2.7699183
194.6631230   5.0791356
193.1462248   4.1378569
195.5956629   4.4525589
195.4692021   4.2539922
193.9998217   2.6511512
194.3365080   1.2214575
196.1837291   2.1693764
195.3589510   2.9033878
195.3351009   1.6663949
196.9071187   3.0866655
196.6559779   2.4724743
194.0607558   4.1259838
196.9741473   3.4541340
194.6127249   3.6599355
195.5203352   5.0343169
195.3315900   2.8188624
196.7821583   2.8630711
194.2148440   4.8798541
194.5023078   1.5131834
194.1242626   3.2426346
195.6582717   2.9296472
196.1479248   1.9640522
196.3949899   3.6609324
193.9539949   3.6717164
193.3107559   3.0974621
196.8577112   3.6522423
193.6210128   3.7128447
193.8768813   2.0637919
194.0522979   1.7561198
194.3048561   4.8331084
194.0502407   1.3794293
195.4298429   3.1790414
193.6229006   4.2063646
193.5656297   2.8421109
195.4011215   5.6039719
197.3302687   2.7927514
195.9409871   4.5106001
194.3471148   1.4845117
196.9108267   2.9458255
196.1045919   2.2649866
194.9128565   5.3452046
195.3179380   5.2915399
193.7574178   3.0736544
194.6568538   1.5047989
195.2744607   1.7744944
194.6030869   3.4727598
194.4734896   3.7081190
194.2706561   1.2561325
195.7298337   1.8396684
192.9025043   3.7060151
195.4125762   1.6437396
194.2313509   1.5455101
195.0043373   1.5263688
196.0351494   3.4185402
196.6093844   3.7712817
194.3663775   2.4191568
193.4645438   3.8484058
195.4763498   4.4445795
193.6840898   3.0985446
193.9034490   3.1336489
196.3240947   3.5724041
196.8650173   2.4819044
193.7631611   3.7487484
194.8558667   3.2090620
193.6346319   2.5759705
193.0112582   3.3587624
195.7485592   3.0112344
196.2532880   3.3214504
194.7735964   5.0387633
194.1340804   4.6669953
193.4318993   3.4966612
193.7390414   3.6661723
196.0566399   2.4445926
195.4311522   4.5304206
195.0241124   4.1553196
195.0169317   4.1707424
195.0704939   2.7910545
196.6159170   3.6351478
194.6974097   1.4235084
194.2566325   0.9111262
193.0966655   3.7432961
193.9790734   3.7813782
196.1176362   3.3767918
194.2764178   1.9031597
194.5663754   3.0907394
195.3097950   2.1595030
194.0558359   1.7060457
194.3995972   4.4351661
194.2983831   2.6154932
194.5373594   4.7174942
193.3074876   3.1552963
195.6506206   5.1250428
195.6853338   2.7218605
194.1469895   4.8908870
194.9295240   1.1735080
194.5539638   0.9711711
195.0711242   5.3556602
195.7556357   2.9655713
193.5968411   2.7962797
195.6098590   4.9837393
196.0041919   2.5983122
193.0685572   3.5977935
194.6076838   1.6555969
196.3585536   4.0180276
194.3516480   3.3368295
195.2904835   4.8112032
195.6565371   4.9715028
194.6267097   4.0233838
194.7190981   1.3875045
194.4249212   4.8025376
195.4202503   1.9588476
194.2720774   4.0088414
194.6970023   5.1354919
194.8633041   4.8230288
195.7069319   4.3329390
192.6732876   3.3648232
195.3075871   2.3611299
195.5330999   3.4781950
195.5558732   2.5428034
195.0068561   1.8014248
194.9042071   2.3709727
194.5207477   2.4768134
194.1056680   2.5815267
193.9665497   2.9932767
195.0032760   5.0163463
196.0439118   3.0005268
194.4777718   2.7423627
193.7638177   3.7908440
194.9474210   2.7703317
196.3132007   3.3240259
195.9996242   1.9289300
193.7684967   4.1317586
194.3857129   1.7346797
194.7110917   1.8700891
195.8117658   1.8710200
194.3108357   2.7329297
193.6632573   4.5861068
196.0875566   4.5269713
194.8191391   2.4471389
194.4659496   4.8957506
194.2690893   4.1712318
195.3013956   4.5968060
194.1643588   1.6200857
194.7594900   1.1564584
194.8517717   1.3268277
194.2754008   2.4735088
195.1827858   2.8806872
196.4072819   2.6444660
192.7330516   3.3146680
194.5783707   4.0982258
194.8101123   3.0159843
196.5143746   3.2224008
195.0271212   4.9279610
195.2548170   4.8116351
194.5989938   2.2736163
194.7628693   4.5567773
195.1299332   2.6412506
194.3527921   4.5395399
195.2888627   4.5014095
194.6010073   2.8848281
194.6002682   4.3557842
195.3653797   4.9096347
194.9174477   2.4122878
195.4775251   4.8484204
193.8727240   4.3175090
193.0541767   3.7048095
193.4253963   3.6576807
194.5119701   1.7803920
193.6411578   2.4687147
194.2645786   2.7341319
193.9357641   1.9677216
194.3130255   4.1365725
195.3379306   3.0787344
195.5131047   3.3832445
193.7244406   3.8326191
195.1643610   5.0411105
195.0982814   5.5365850
196.0566038   3.6416468
196.1161588   2.8658746
195.0882993   1.4326501
194.7328434   3.5208574
193.5804833   4.3885830
193.7459032   2.1771398
194.8161248   2.4651534
193.8093443   3.3194701
196.5946586   3.3361952
193.1606699   3.3735667
192.4840686   3.6117865
193.8519893   4.5643285
195.5856239   5.0182976
196.8825210   2.9327704
192.5745920   3.8403006
195.4431831   3.5072923
196.9383922   2.9267263
195.6326087   3.9263325
195.7968278   4.0158213
193.4202733   2.9688435
195.7148998   3.6610776
193.0537789   3.2685375
195.8586136   1.8072484
193.6607231   3.2579670
193.8158828   2.1051360
194.9052216   1.4252981
195.0683657   3.8228454
195.4405582   3.6924978
196.9255712   2.9112992
195.7810158   4.1787700
196.0523934   4.7873392
195.9649892   3.9317570
193.4714874   3.5520762
195.3620451   1.5923188
196.9908359   2.9879367
195.9049786   2.0564579
195.7117231   3.2343853
196.7737268   3.4589258
194.8081816   4.5669617
194.7090104   1.6972112
196.5490879   3.0768019
194.7451386   1.2648743
195.0689785   4.2926787
194.8079976   3.0307434
192.7651727   3.7069265
196.9533425   2.6373147
193.5919346   2.4326414
194.1612838   2.4305211
195.5067861   5.4890026
193.9674344   4.0149775
195.6089961   4.1551477
195.2177872   2.8318020
195.1521222   4.0714349
195.7564570   4.5482924
195.4052764   4.5566973
194.5670065   3.6713938
195.9953978   4.1020240
195.9009865   2.3756398
195.0522033   3.7663622
194.9811985   3.7905457
195.8200087   3.8541448
194.1366153   4.9065333
194.5109475   1.7189069
194.2225963   3.2351543
196.1243349   3.3392310
195.8233988   2.7682592
194.5939542   2.1714359
194.0135018   2.2223629
195.7292191   4.0718127
195.9806599   4.7484379
192.9000965   3.4623130
194.3272712   3.4749435
194.9474376   3.1588943
194.0854250   4.3604435
195.3259598   2.3131286
195.6631738   3.7316946
196.6453297   3.0428947
195.4708266   4.0129751
193.4664755   2.5699208
194.3619801   2.1573613
194.2386890   1.0382247
194.1275166   3.7373414
195.0739590   4.1865333
193.8411239   2.6869965
195.6116826   3.6031468
195.3301633   4.6096455
194.7679827   4.7902853
195.9720350   2.3986649
195.4908781   4.8763474
196.5762039   2.3029765
193.3379567   4.2884461
194.6477800   3.8428939
195.5036878   3.5016905
195.3733762   2.2406980
195.3063455   4.6214489
194.7169806   1.6200882
195.8023125   3.7365737
195.8021410   3.2736236
193.7520353   4.5110409
193.6100002   4.3638104
194.1109232   4.5840361
196.7801877   3.7652109
195.7795859   4.2856269
196.7475333   2.4719191
196.9978134   2.6708968
196.1681036   4.4724555
194.7547108   2.8795313
195.1881039   5.2981567
194.8887940   2.7190445
195.6841395   2.6271640
194.8475610   1.7949488
194.3138826   1.9919981
196.0574337   1.9892171
194.5468592   1.1053166
194.6624017   2.3657152
194.1804603   2.3667840
195.7136606   3.3528579
193.4760742   3.2545380
195.4394105   2.6436573
193.6052971   3.7844753
195.7725673   4.0214204
195.4378594   1.4966380
195.2598213   5.1229081
195.6759281   3.1058904
195.2904619   1.9552980
196.7728972   2.6153030
196.3207367   3.9869344
193.3104945   4.3570945
194.8656170   2.6715217
196.3656822   3.5543277
194.8529283   1.2481050
192.9500524   3.4598823
195.0490850   2.2283108
194.6685461   4.2537245
195.3941919   4.2569498
194.6980558   5.2758376
196.8033064   2.6221181
196.1051133   2.3114374
194.1992471   2.2224630
194.3530791   4.5887401
193.9013843   3.3534523
193.9216517   2.3976776
195.1799106   2.9225404
194.3425116   4.5187482
194.5307001   2.2406179
194.0327352   1.5865048
194.3733691   1.0955963
194.4134544   3.9084911
194.3126182   3.5813021
196.1585943   3.0903619
194.3724808   2.3569979
194.1201998   4.6853149
195.0698133   3.5791106
194.5208524   4.9294046
194.9031794   5.3589220
195.1397972   1.5552065
195.0244496   3.9486311
195.1211226   5.5180547
194.2830988   3.3069867
196.3964783   3.6529888
196.7430746   3.2053675
194.0577122   3.1253471
194.0161347   1.5209678
195.8985555   4.5812916
194.5410558   4.8350164
194.9766133   3.4077370
196.4192621   3.4475530
195.8701577   1.8799803
194.4656299   3.3591279
194.1303490   4.5396610
192.5583318   3.5545239
196.3894891   3.5510880
194.3474910   3.6952458
195.3611632   2.5336761
194.0778065   2.4494703
194.7902476   4.4235520
196.1972429   2.6252128
194.5485718   3.8990439
196.4504926   2.3614785
196.0013900   3.9951188
195.8138783   4.7202129
196.6100556   3.6382956
195.6233466   5.4245943
194.4490385   2.5327482
194.2808991   1.4039114
194.8409891   1.3222000
195.0018540   1.4116960
195.2138788   2.2659938
194.0695385   3.8584977
195.1329511   3.7214887
195.1380620   3.5375133
196.5673899   3.3126807
194.0895436   2.5220190
196.2817448   3.3852669
196.5419700   2.4053312
193.4979272   3.2842890
194.1632768   2.5929519
194.5144416   1.7858804
194.1048153   1.2287245
195.8201970   2.7451863
194.1686614   4.6431644
195.9803679   2.9806134
194.9507992   3.3690500
196.4718640   3.8991888
194.3632230   2.1793594
194.7139993   4.9729037
195.8550548   4.5461106
195.4801885   3.0478109
194.1367909   3.3625977
195.9982794   2.3005720
195.7064059   2.5726134
193.8672515   4.2680268
195.5637545   2.0183461
196.6783089   3.6999477
195.7778154   5.0375440
195.7986612   5.0790110
193.5729225   3.3051565
192.8656999   3.2863029
195.4806760   4.8388311
195.2375194   3.6962500
195.2517653   5.0674705
194.1265098   2.1809180
195.8642593   4.8728041
195.9095972   4.8420334
195.2717276   3.4408331
195.7101164   5.2781680
195.5719287   2.9233272
195.0621400   3.5423862
194.2987273   1.5833318
194.6628460   3.7092558
196.4827126   2.8294799
194.2895216   4.8222055
193.3742434   2.6741503
196.5937802   2.3923720
193.9406727   3.0895936
196.5608414   3.2196695
194.6183636   2.1370238
195.8442992   2.1833078
196.6359721   3.3683461
195.0602442   2.9604744
196.5160630   3.1043674
194.3728417   1.6590724
196.6026978   2.5159461
196.2560426   2.5079635
193.9772607   3.8660974
196.1295831   3.9264732
195.3687066   2.7759706
192.8456608   3.5436992
195.5937774   2.3391891
195.7753137   4.2365844
193.2963520   3.8218565
194.2205669   3.4200385
195.2134316   1.5806590
195.7168432   2.5458772
196.4755105   2.3231074
196.8607527   2.6920089
193.4697327   3.7153022
195.0806586   1.8861301
196.5264439   3.3235050
194.5500529   2.7647422
193.3744761   4.2018708
196.8422111   2.8306103
193.5729971   2.2683682
194.5549530   3.5637980
195.8043341   4.8606139
194.7846932   5.0112788
195.1051296   2.9824187
194.6792111   3.0457491
194.5898581   4.0348274
193.6934381   4.5843844
194.7805707   4.4999911
195.1056982   2.1308105
196.8095440   2.6143728
194.9277151   4.5814460
194.2660936   0.9574996
193.5502426   3.7656676
196.6861359   2.9876020
195.2157988   2.8129718
196.3537955   4.1794561
194.8503758   3.8236010
195.5307417   4.3205036
195.4060900   5.0909986
195.5004539   5.4173008
195.5220488   2.7516856
195.6755290   1.7443266
195.0968351   5.1947514
195.4188056   5.3581908
196.2511431   4.3629014
195.3515768   5.1738208
194.7306519   5.2027565
193.3690619   2.7786290
195.7606075   4.0243583
194.0588988   2.7497602
195.6119052   2.0254646
194.2073973   3.1944640
193.1763234   3.4517459
193.0732327   3.7339214
194.0657479   1.8562390
193.7584583   2.9687743
195.7347238   3.6659152
194.3347874   4.2807671
194.5576351   3.6300022
195.1070706   5.2315060
194.6409447   2.3315659
195.4488904   3.4405271
194.2694263   1.4380842
195.6469070   3.2723708
193.9100643   2.9638614
194.9608093   5.3908926
196.2766055   3.0001339
195.4388496   2.8822364
196.2073527   2.0689235
195.2532123   3.1445677
195.8135611   2.0702151
192.7317683   3.7705727
194.2696959   4.5775811
195.9751087   4.4229314
194.7675613   2.9203599
194.8088023   2.7271122
195.6880693   3.6575871
195.7550564   3.0546802
193.6361341   3.5659329
196.1313625   3.6500437
193.1972865   3.0209445
193.0531166   4.1367380
195.6737039   3.2934559
194.2956450   3.5019435
193.6781115   2.7513043
193.8932034   3.7869266
193.6115872   4.4469761
194.2627272   2.0038276
193.4671437   3.6123014
196.3411217   2.5417675
194.5447224   5.0541195
195.7658397   2.7990904
195.4041212   4.1955240
196.3764011   4.0217183
195.7960089   5.0218438
193.8441152   2.7160339
194.4153477   3.9272392
194.5091809   2.8134258
196.6129310   3.4044462
194.1342315   4.3721951
195.4678387   3.7499537
195.9246787   3.6262455
193.6303732   3.8968179
193.7983757   4.1574205
196.4763259   4.2310277
195.5488234   3.5462007
192.8600000   3.7184910
193.9726628   3.3639595
194.5902378   4.3785794
196.8079403   2.8052840
194.6023981   1.2497264
194.0443076   4.3672287
195.4856698   3.1308783
193.7648035   3.6379683
193.0894254   3.5387947
194.6058188   3.8400316
194.0113158   3.9205680
195.5472156   5.5076764
193.1517452   3.8755663
195.1626580   3.8099341
194.5187656   2.7706928
194.4393034   4.8136823
196.3156200   2.5063517
195.0434289   4.7326787
194.6213737   1.0272291
195.5942448   1.9516107
194.5607838   0.9289877
194.8441344   3.6253130
193.3669011   2.9277011
194.6652359   1.4358889
195.6001656   1.9136989
196.1241070   4.1921377
196.1793157   2.0643300
193.9002232   1.8063208
195.7383757   4.6763897
194.5914737   1.9721605
194.0039292   2.6194148
192.7252657   3.5156092
195.9318830   4.2379260
195.6389371   3.0294337
196.2392576   2.9089805
195.6084315   2.1670951
196.1851788   2.3044985
195.7426397   4.0985658
195.6545527   1.9530285
193.5372853   2.4158844
196.3268599   3.1355073
195.4700585   2.6058720
195.0161541   4.6654376
195.7006815   3.7071141
194.7659265   1.1974535
194.3380420   2.3169909
196.0310844   2.7565100
195.3834743   4.5984573
194.4759915   2.9468720
196.0198808   4.1757628
194.5462782   1.2346270
195.7696492   5.3062630
195.7382952   2.3066327
195.6729443   2.3965853
193.3232298   3.3407351
193.9157053   2.2368179
194.0528798   2.4485237
193.6595192   3.6809634
195.8485138   4.1287991
196.7178079   3.2608152
195.9771709   4.5613849
194.0980875   3.8892219
195.0521368   4.2350593
195.6596892   3.9368424
195.8891284   3.7134438
196.1676763   3.7990772
195.7324372   2.1635631
193.6896363   3.4292321
194.0773499   2.8161450
195.0558334   2.7025042
193.5670726   4.4195387
193.9106800   2.4618232
196.2027253   4.0346416
195.6601509   3.9327972
194.8302351   3.0225076
194.2836385   3.1677715
194.9657157   2.6632476
193.9897975   4.1304298
195.0829700   4.4831838
195.5035754   4.6855608
194.6028191   1.6176499
196.1862731   3.0546336
195.1786477   5.0496628
194.2118517   2.3243411
194.6520795   4.3500395
194.5649839   1.8978339
196.5703982   3.4514038
196.5757095   3.2698411
194.0420589   3.9299192
193.9266709   3.6827779
194.8271363   1.9254619
194.9207772   4.9190994
195.8108298   4.7283985
195.6140302   4.8267419
193.6666640   3.1642280
196.4884194   2.6003465
195.4492099   1.8745895
193.1216119   3.8069081
194.5927853   2.3629145
196.4097218   4.1698576
195.0032727   4.4065682
195.7827907   5.1629945
195.1337970   5.2250396
193.7389139   4.5937234
192.8755317   3.6255830
193.7299981   2.4146301
193.6030362   4.4715278
193.9682404   4.7305127
192.7736303   3.3336941
194.6098482   1.2700915
195.2888033   4.7854416
194.4919484   1.0645865
196.7366855   3.1271042
194.0894138   4.8120171
193.4963402   2.7794922
194.8744150   1.7371418
194.6996987   2.2482360
196.0695353   4.4719934
194.6411852   1.3929564
194.0699100   2.3999382
194.5380259   0.9210066
196.6427939   3.3425277
196.6888857   3.2130617
193.6061448   3.8337383
195.5890719   4.7705583
194.0512842   2.5233505
196.4897074   4.3218862
194.7286816   1.3142756
194.8557675   4.4346253
193.8023887   3.3862636
194.3776730   2.5211785
194.6299426   2.0126137
196.7338166   3.8415227
195.1274370   4.6713860
194.8993271   5.2390883
194.8225166   4.2261217
196.5523987   2.3339535
193.1240550   3.7236230
196.4494787   2.5277868
195.2495335   1.5188765
195.2996283   4.7257876
194.8450388   4.0185360
193.0116386   3.4288096
194.0219871   4.5814268
193.2546248   4.1966052
194.5986782   1.8282792
194.9252766   1.6539813
195.9791126   4.3982838
193.3766040   3.0422838
195.7664225   4.0191108
194.3549904   3.1591646
194.7920207   3.0646992
193.6570951   3.5256065
196.6636264   4.0476453
192.9527654   4.0031182
195.4449769   3.7182966
196.7193612   2.9659489
195.8045036   5.0718355
193.5807538   3.1015710
197.1858641   2.8802248
194.3690696   1.5660629
193.8327220   2.8016369
196.1459460   3.2601646
194.3472229   1.9048563
195.1853314   2.3625935
194.3457564   3.2730540
194.6802201   2.6976904
196.5997132   3.4761355
195.7134176   3.6488113
195.6602976   4.8111278
193.8919724   2.5870730
193.9688264   3.6078785
195.6184789   4.2636295
195.6361840   2.5897541
195.4248956   3.6125214
194.5256138   1.8995447
196.6390233   2.4917646
195.8511074   3.0214335
196.0319711   3.4396915
196.2406740   4.4329983
194.3942140   2.8937207
195.9453900   3.3160940
194.7564955   2.6879507
194.7499966   1.1080945
193.6451741   3.2334531
194.8034296   1.5168954
194.4251667   4.4647852
194.9991800   5.0513394
193.9081512   2.2425048
195.9151155   2.4584139
193.9645398   2.7780158
194.8032963   5.2774597
193.0793838   3.7144033
194.6631402   4.2804245
195.2445553   3.1765086
195.2999218   5.2968866
195.0871149   3.5092194
196.3277665   3.7051237
193.0043752   3.9118474
195.3003677   5.4534942
193.1381294   2.9312399
195.8629673   4.3558265
193.6863159   3.8528104
196.2176298   2.3980183
193.8883327   3.0862064
194.2990115   3.2104385
194.4624858   3.3352684
194.6363665   1.3664803
193.9595756   2.0771692
195.4799458   3.2672471
193.4558438   4.3092864
194.2237993   4.7413931
194.8807495   3.7764166
194.5683142   1.4199715
194.7280928   3.2918386
193.6282177   2.7160856
194.2881008   2.9759121
195.2299389   5.6464147
193.8998465   2.8667602
194.1601670   3.1728474
195.8529772   3.3513412
195.2867909   5.1240576
194.4688477   1.3370934
195.1300421   2.1255892
194.9940697   3.7612788
197.2077092   2.6895182
195.9229342   2.1358974
195.9805232   2.9988762
195.8932041   1.9875698
194.3828842   4.2627658
195.4249173   4.5608034
193.8836775   2.8646527
195.6627274   4.9436550
193.4926408   3.0204240
194.7663302   1.3400562
195.5838220   5.3506277
195.4152702   2.5660321
193.5879433   2.3009500
192.5634938   3.7180167
193.8871573   2.2436759
194.4425756   1.8779287
195.1134158   1.7016512
194.1467306   4.2359172
193.7287564   3.2822801
192.8205539   3.7141400
194.9321946   2.2984386
195.6774100   2.0202391
195.3199845   4.3918989
195.7111932   1.8199834
196.4461038   3.1387014
195.7099106   4.2489767
194.0383720   1.6641232
196.0478981   4.7611098
193.2677306   3.4099890
194.1990205   2.8594186
195.7933818   3.9809085
195.5017259   4.4271131
194.9991636   2.8683332
195.9952128   4.6840967
196.3132904   2.8751636
194.9650432   1.4411453
196.0367104   3.1168395
195.2215926   5.4290395
193.2642440   3.9119835
193.1034302   2.9568043
194.5395192   3.2044720
192.9704731   4.0974475
194.1253337   1.2563092
194.0169735   1.7505828
195.3249394   1.5043797
195.5720308   2.8988796
196.2417145   4.5630710
195.0146399   2.0776745
196.4962023   2.2841094
194.9140033   4.9650073
193.7048235   2.3602926
196.0076203   2.2549668
193.5071356   3.0903171
194.8604695   4.3658630
193.5800183   2.7747561
193.6561322   2.4520898
196.3730657   3.7525964
193.9425824   2.9616422
193.9535181   2.5002954
195.0398665   5.3858159
194.2749780   2.3257820
196.0639652   4.6500747
196.6622899   4.0236329
194.3511849   3.7642106
196.0088839   4.5679167
193.8845044   3.5452548
193.7931372   3.2699920
192.6740171   3.6852396
193.9148755   1.6687251
194.5982596   4.1519481
195.2845520   5.5843054
194.8968651   5.2658672
195.9372988   1.8877887
193.4223944   3.8208994
195.8864644   3.7763123
195.0703564   4.5607493
194.8597253   1.7687036
193.5668637   2.9033141
195.9892909   4.9896514
195.1717406   2.5253263
193.7018725   2.4195704
193.3282681   3.2375138
193.8584571   1.8846293
195.5871138   1.9974995
193.9854692   3.7078280
194.9448745   4.9987026
194.3032842   1.0074028
195.5772423   2.1820736
195.7329956   4.4312454
193.7682606   4.3113224
193.8400120   2.9287221
194.0229745   3.5871024
194.1166034   3.4699645
194.1879441   1.4862904
194.7441733   2.3300372
196.0960235   4.5475798
195.4801802   3.0126301
194.5377666   2.4439929
195.1194690   4.2797383
194.9386105   1.7294541
195.4761651   1.7423035
194.9565490   1.6647026
195.0216746   1.3299997
195.6554862   2.0707144
195.7896070   3.4695864
195.0768746   3.7123438
197.3177970   2.7317788
193.3642940   3.2765038
196.4948867   4.0288249
196.2616110   4.0011754
194.9939705   1.2908569
196.6424134   3.0352004
193.3031104   3.2474204
196.5909636   3.8399153
197.1853809   3.0625811
196.3731449   2.9195109
192.9388095   3.9017825
194.9039168   2.2778072
195.2084671   4.1083966
194.3754314   3.2061785
194.2367741   4.8619989
196.5732338   3.5862138
194.6077175   4.9915365
193.7317772   2.4341737
196.8668042   2.9818414
193.3389954   2.7978125
194.1196702   2.8187983
195.5813980   4.7659793
195.6220354   3.0389576
196.0588025   2.1072926
193.8054954   3.3429350
195.6667561   4.9230632
194.0879017   3.2368301
197.0667394   2.9165978
195.7207144   3.1372599
194.9543414   3.2278010
193.7865105   4.1804019
193.1356467   4.1949693
194.5700206   3.3108001
194.3141397   4.0140790
195.7593456   3.8734014
195.2728657   4.1510297
192.8081494   3.3909478
194.5290490   3.8921274
196.4445736   2.2293768
196.1385230   4.6273234
194.8003759   1.2161166
195.1480653   5.0521753
195.7137670   2.9652339
195.4800845   3.2922818
196.1052547   4.3640090
196.2749555   3.5365894
196.1631956   4.6304923
195.6958158   4.9329204
195.3238577   3.5904045
195.0384976   2.1753200
195.3573967   2.6975723
193.0827995   3.2811753
195.8484966   2.1505987
195.9073560   5.0575317
196.9837977   3.4421771
195.0783323   4.5182890
196.3123418   3.4873258
195.4207679   5.6730390
196.3313201   3.8165367
195.8046941   2.4393789
194.6676678   4.2118348
195.3333761   5.3659684
195.6070855   1.9486839
195.5765422   3.3194913
195.0102177   2.7596572
194.8618039   3.6598270
196.0334265   4.5480034
196.7036662   3.1895849
193.6534676   3.2682460
196.5498204   3.6645737
195.2895142   3.1639320
194.4105355   3.3169723
195.8998164   1.8055990
196.7135704   3.2065386
194.6862275   5.1797340
194.7419753   1.5557527
195.8796054   4.8289714
195.2172969   3.4502885
195.2977960   1.5281408
194.3325120   2.4117131
194.4155413   4.9185400
192.4499781   3.6027432
193.9457928   4.4267477
194.3282734   2.7790929
195.1999254   5.1930050
195.9452784   4.0486690
196.9353367   3.0671643
196.1844867   3.9408893
194.4060054   4.0008111
195.0907035   2.6437539
195.1274763   5.3368302
194.5945301   2.3103598
194.9959260   4.2442860
196.5839770   4.1840235
194.1346484   3.6345095
195.5804258   2.0909104
193.9742269   2.0616365
195.9015132   4.1155824
194.4697801   1.9254505
196.0379355   4.3155307
194.1439395   3.7134594
193.2208006   3.3572719
195.3497688   1.8327887
195.6634750   5.1561807
195.3940412   2.2629667
194.3835254   4.0581970
195.2743575   2.5903698
196.8226978   3.0569023
194.8589007   4.4074923
194.0254049   4.4487386
196.9255093   3.0712732
195.5201674   3.5046447
196.8346924   3.7943781
193.4839393   3.0189544
195.4749265   5.0881140
195.8551086   2.3907483
196.0458974   4.4544665
194.8473813   1.6476657
195.0905670   4.3455692
194.7649861   3.6648291
193.8324229   4.0535500
195.7849301   4.2883081
194.0744084   1.4303145
195.8966454   2.9361790
196.8671660   2.9179879
195.4624449   5.5020837
193.4844495   2.8014475
195.5325098   5.4306007
194.8716823   3.0305544
193.7500395   4.1437024
195.1577846   5.4940744
196.8744481   2.9706337
194.0482611   2.1378842
194.1305848   2.2387132
194.1836305   4.1734414
195.0237375   4.1967144
195.6392996   2.5016627
194.4718654   3.9524261
193.6002447   2.2318177
195.1039869   2.2117997
194.9696169   3.4650596
194.5105705   1.4444827
194.2052942   3.1693696
194.0291594   4.6651636
193.9509345   3.1421256
195.0139113   1.6714753
193.6331221   3.1230232
194.9135032   4.9234788
195.2332644   3.7775446
193.1290048   3.6209728
196.0572009   2.7704657
196.3570328   2.5781000
197.1254656   2.8852601
195.8183322   3.0497680
194.6466350   4.3814000
195.3275105   4.8589692
194.3685288   2.4041032
193.3034097   3.1351541
193.5917293   3.6729053
196.3567578   2.4034206
193.9216598   3.4077072
193.1704890   3.7879789
195.1642443   2.3255813
194.5850190   1.0774027
192.8253116   3.4170537
195.0476617   3.1766003
193.7441455   3.2451701
194.1030561   4.7927381
196.9602580   3.2222555
196.2532191   4.5763704
194.8373702   4.5955059
195.6389681   2.2481772
194.6620802   2.3861845
195.0746218   3.4697973
195.1998646   1.8179540
196.0805568   3.5059265
194.0520631   4.0667213
195.2736104   1.8593587
194.4464734   4.0702230
194.7024296   3.0859072
194.5836926   2.6239429
196.4822915   3.3809532
194.4327107   1.8429429
195.6000411   2.6884338
195.7209792   2.9205505
194.9490371   1.5592950
195.7248146   5.3361470
196.0973096   2.6336054
193.7704616   2.6279133
193.4341337   4.0168308
196.1025981   4.1545396
193.6174973   3.3947980
194.2782617   1.1714790
193.8379399   4.5096674
194.6777785   4.3942990
194.8444168   4.3423908
195.7371081   2.3128419
197.2248523   2.6887179
196.0305281   4.5888382
194.2241932   4.1133307
194.6859550   3.2700271
195.7380677   4.5484569
193.2014798   2.7682190
196.3339439   3.1458916
194.0610700   4.8542228
195.3241343   4.3098073
194.2308948   2.6456871
195.0192189   4.4882682
193.6472267   2.7812589
195.0510345   4.5583865
197.0671623   2.5713084
196.4032317   3.1203377
195.2383631   1.5691410
195.0678092   5.2576850
194.0029860   2.2428047
193.8174019   2.7618954
195.4182485   2.7134703
195.3609668   3.3832765
196.3056303   2.8181435
196.6713869   3.3968979
196.6026298   3.6482197
194.9580207   3.2326124
196.2789390   3.6281875
192.6741276   3.8491779
195.1764294   3.1152345
197.1522754   2.6527355
194.7613515   4.1144362
195.8973736   2.9826574
196.3158804   2.6953829
194.4226669   4.7597815
194.6318390   3.2605924
194.9012590   3.0629916
193.9261700   3.2923706
194.3711827   4.4807014
192.8654626   4.0114361
192.4029508   3.7454943
196.1169565   4.4477189
195.5618370   4.9890052
194.4794782   4.9363428
195.1544133   2.2805662
193.7879650   4.4783350
195.9010055   3.7407441
195.8390020   2.4583844
196.0293822   3.0311874
192.8309510   3.6359239
192.9991866   3.8858260
196.0176015   3.5852313
196.8882231   3.1477784
194.3543075   1.3694886
193.9565176   1.6907739
194.3189495   3.0009894
194.1351401   3.7683220
194.9319309   4.0166007
194.8244415   5.1022159
193.6019390   3.0405582
195.8045172   3.9987627
193.8281141   3.1215673
194.7284734   3.9282838
193.4944198   3.4661831
195.2728200   5.6294210
195.0370242   4.2377173
194.8794789   2.2747352
195.6605145   3.9756621
195.5326727   3.2109218
195.1490468   2.3932922
196.1573815   2.5475710
195.2614081   5.5784461
195.2478363   3.2648769
195.5336274   2.3456021
196.2256038   3.6029313
195.6983655   3.7275755
193.0872060   3.5852049
193.5473762   2.8000909
195.1881971   3.9001922
195.8333325   4.8270529
194.7239433   2.7711640
195.3585077   5.6949823
195.0655574   5.2422233
195.0722664   4.7614683
194.3490559   4.9921985
196.8055916   2.4309592
193.8931536   3.0104262
194.8731956   4.9011102
194.1404520   3.4649035
193.4421862   4.0583521
196.2721740   4.0924923
196.2825417   2.8913414
195.6961607   2.1396048
195.9560088   3.6865396
196.8294173   3.5509251
195.2984151   2.3754125
193.5140925   3.3545146
194.3340874   4.3665408
194.1058143   1.5967875
195.8958387   2.7615936
193.0964100   3.2561407
194.3728530   4.6170548
194.2442464   2.2384757
193.7292971   2.7085214
196.4209013   3.4584838
195.7751364   4.4251098
194.1276038   4.5056039
193.1678843   3.7780123
194.1074244   4.6772879
195.2729558   4.2854424
195.5656418   3.2898725
196.4845564   3.6944255
195.7691029   2.4816495
195.5639343   4.7711168
194.0640989   2.3120982
193.6499038   2.3804207
195.2840092   2.1312959
192.4513422   3.7548370
194.3804386   4.5322279
193.4000974   4.3568861
194.9042262   1.9086725
194.0916046   2.5118336
194.4723162   2.9878776
194.9790553   1.5892822
193.4793268   3.6508243
196.4098831   2.2627456
194.8037445   1.8264556
195.1509307   2.4563065
193.8176717   2.2502307
195.0251536   3.8579568
194.4337918   4.4991509
195.5346033   3.5446683
195.9810491   4.6707910
195.1580680   5.1200908
196.7967272   3.0661901
194.8495598   2.6106388
196.6144047   3.8608812
196.6313220   3.3928842
196.1501511   4.4847941
194.9668589   3.4851139
195.3125860   3.9400578
194.2529379   2.7258964
194.9553989   2.4052715
194.1665809   2.2029950
192.9356079   3.9987474
193.7013619   2.2434896
196.0444647   2.6469776
194.5873195   2.0813514
193.1343155   3.6029608
195.3195308   4.9638751
196.2399907   4.2866068
196.0117494   3.2541008
192.4699688   3.6066886
194.8787275   3.3443720
193.9641074   3.8357544
195.2049378   3.1656521
195.7357274   5.0377116
195.0552956   2.0262490
193.3979912   3.6641579
193.2073342   3.4102392
193.2612119   3.6720939
194.2704304   1.4406997
197.0992813   2.8029322
195.5965990   2.3756499
193.3233558   3.5030627
195.9170992   5.0179005
195.6905671   2.3747990
193.6484422   4.3344866
195.4556440   4.2609279
194.2353692   2.9691468
194.5480877   2.8295897
194.2240955   4.0061256
196.5122061   2.3009128
193.8311368   4.0358687
194.6865822   2.6415166
192.9078151   3.6062989
193.6215681   4.1448689
193.4901857   3.9089135
194.1299911   2.1193659
195.6820289   2.1286828
195.6498835   1.9616837
194.1743654   3.0619877
195.4632381   3.3033875
196.4645601   2.9439894
195.2826289   3.7385331
195.8805788   2.3559219
193.0045281   3.7257212
195.2961911   4.6522888
195.2226828   2.8330140
194.8240680   3.6398400
195.3795632   5.6510775
195.2599419   1.5813154
196.1629930   2.4693867
196.1911222   3.5513164
193.9918293   2.8929535
197.1028281   3.1619974
193.9442132   4.7652565
193.6986900   2.4400935
194.0838479   1.5648600
195.2361166   1.4009302
196.0371816   2.9697779
193.9722017   4.2533996
195.0067289   1.8778127
194.0649070   1.9623744
194.4366718   4.0728758
195.5046655   1.8873511
193.6633416   3.7848576
192.7519596   3.3191461
195.0178417   2.9151550
195.4995923   5.0743289
195.8427782   4.0304288
194.1694158   1.0829745
194.4754257   2.1450466
193.9895634   1.4816449
194.2776484   1.1965850
195.3087957   3.4226942
194.3924725   3.1757042
195.8181933   4.7286982
194.1183404   4.2335969
195.5800232   3.8215955
195.3109241   1.5802702
195.0269461   1.5682516
193.0919800   3.0470256
196.5785653   2.6354437
194.3909462   3.2512149
195.6121727   2.8723497
196.7761453   2.6009010
194.7813854   1.1861749
194.2484724   4.6365997
193.9895546   3.4569314
196.4791201   3.8513662
194.4446713   1.8759530
194.2065353   1.2209783
194.0337309   3.8416106
194.9859179   5.0353611
194.5268536   3.8460071
194.4911713   5.0825221
193.9101016   3.2455800
194.0600216   2.0348678
192.7934365   3.6942845
195.3407898   5.5972216
193.2960511   3.6248569
196.3100534   2.6510282
195.2914958   2.1015787
196.2656322   2.4835232
194.7033215   5.1634598
197.0346261   2.6241942
195.6444870   4.5585257
195.3849236   3.8096586
195.9962500   4.3611598
193.1094738   3.9155769
193.2645672   3.9541153
193.9986840   4.5710354
195.0091867   3.8460710
194.5887287   3.6783525
194.5740202   0.9935732
195.9929581   4.6021363
195.2677560   4.1240175
194.9162911   1.3029626
193.9935720   2.3626060
195.2582941   2.2206255
195.5920123   2.0766135
194.8801787   4.6797367
194.1628150   4.0128726
193.6544103   3.0114994
193.9724531   3.7521954
195.0753018   2.9618309
194.4595598   3.5699235
194.0117434   3.0451977
194.8461294   3.5331102
195.3044948   4.5637898
196.0555678   4.7706590
194.9441433   3.1661479
195.8729180   3.2638150
196.2606081   3.7621336
194.0032067   3.0400311
193.0425076   3.1673926
194.7872163   4.5956461
193.6608495   4.5207073
192.8402693   3.2074884
195.2158297   1.4066992
193.1822644   4.1615418
195.1007187   3.0378738
193.3777130   2.5684764
195.8944577   3.5795266
193.0526679   3.9564051
194.5386436   1.0246973
193.4179988   3.0837391
194.4253716   1.2684093
193.7739200   3.0705386
192.8471001   3.1757424
195.7747432   2.6107407
195.0391105   1.2836675
194.4009343   1.4565714
193.0931779   3.2900022
195.1973949   2.7507909
194.6343018   5.2506311
195.0639276   3.9609728
195.6589245   4.4442895
195.4474005   2.0025597
192.8027725   3.6243350
195.9877782   2.9042292
196.6683643   3.9927949
193.3339616   2.9946768
194.7636371   1.3680885
194.4733313   3.6650660
193.0396568   3.2509432
195.7472878   2.2669886
195.2306209   5.5283843
194.2933134   4.5521476
196.9703090   3.4928975
195.9626803   2.6081038
195.5096968   1.6900726
195.0322791   1.7377630
195.1540434   2.0526507
196.8289286   3.3502526
195.2184340   1.6133705
194.0903345   2.7747170
193.9680236   3.0291991
195.6035098   1.6627695
195.2798643   5.5462774
195.1434057   2.5357787
195.2245559   2.5451081
195.6261411   2.1769221
196.1072604   4.7020086
194.2439262   3.9799722
195.3354041   2.7989138
194.2127529   4.0937048
193.8146772   2.9040606
193.5281687   3.5941512
194.8741323   4.9445903
194.7150260   3.4795474
193.4729648   2.8792895
193.8867640   3.5635161
196.1170435   3.2792972
194.4614380   4.6112566
195.3059772   2.8210798
193.7448899   3.1130453
193.2600251   3.0873283
196.6996499   3.2029894
194.6771371   1.7031324
193.6972326   2.2724680
196.6837369   2.8893929
194.2213934   4.2323896
195.3998813   2.0686989
196.4190107   2.5571219
194.4691136   3.6335549
192.9392803   3.6843953
194.6331404   1.8911928
195.4021883   3.3320170
193.3049154   2.7343154
193.4409651   4.1590595
195.7688244   3.1995470
194.3288704   4.7351415
194.1870300   1.2399626
194.4176392   3.5186336
194.8125049   4.3896554
194.8126556   4.4992618
195.4013444   2.8158177
196.1217355   3.7021764
194.7714141   1.3839497
194.2405321   3.1017690
195.4181786   4.3000025
193.8960033   2.6629989
195.6556079   4.2533067
195.7730776   3.8132391
195.9457008   2.5979782
195.1337772   5.4982832
193.8121682   3.9461681
193.8316900   3.7459732
193.8473088   2.1613959
193.9955141   3.7884156
196.7050709   3.6898203
195.3265794   3.3960684
195.0860375   1.7972522
195.9843475   2.1746713
194.3753419   1.5530361
194.8680229   5.1901268
194.5753861   4.9798433
194.3546194   1.9272561
193.8546960   2.4184127
194.2658768   3.4209362
194.3269596   4.1524324
193.0149913   3.0152611
195.3837417   2.6044315
193.8453877   3.3951335
195.8043569   5.0319506
196.5275016   3.5616107
193.9681951   3.1900232
194.3703539   4.6548424
193.5530311   2.4919594
196.1621917   2.7047883
192.8714407   3.5415465
195.0268242   2.8835438
195.9703712   4.1537761
194.1254346   2.4960358
194.0653665   2.9154393
194.8107967   4.2741018
195.9840408   3.2278187
194.9022441   4.2090735
194.8857222   4.0977569
196.2451152   2.5549729
194.2240140   3.2743470
195.7328209   4.7207122
193.9014771   3.2916682
193.5805715   4.4760113
194.1798179   2.1074524
196.5013368   3.7213774
196.6260928   3.7305442
195.4432611   4.5495427
195.8915398   2.2199540
193.4622831   4.1777170
195.0254904   4.6813211
194.8634639   5.4048173
195.7300383   3.9866381
194.8450584   3.2191132
196.4352972   3.1029671
194.0304090   3.3094799
194.4413377   2.2194782
194.9069921   2.7005305
196.1684240   2.0166664
195.9748869   4.8935734
195.3644595   4.7460635
196.0448652   4.7205766
192.7457699   3.9049038
194.0953043   4.5095489
196.6386498   2.7396584
193.4019829   4.0660697
196.3304771   3.8954887
193.8393401   3.5025712
196.5463410   3.4020142
194.1953473   1.9797001
195.1565465   5.0145259
194.0244454   1.4619043
196.5131510   3.9758957
195.6400472   2.9193549
193.8871845   2.8265106
194.3961337   2.4028437
196.1625841   2.2671451
195.4221102   2.2168789
195.8853741   2.3100580
196.8010030   3.5893096
195.5149185   2.9007110
194.3909858   2.7623358
194.0271802   2.7323972
193.7685781   2.6861682
194.7822492   1.4185200
195.7908270   3.4393039
193.7272439   4.2437524
195.7818528   2.3940689
194.3612290   3.8609800
194.9916099   3.4286643
193.6333984   2.5967207
194.7420361   3.5104131
193.9145706   3.3759513
195.9486870   3.0535294
194.4674454   2.4815550
194.4576567   3.4458336
194.6937784   2.0660402
196.7609083   3.6389912
194.8978535   1.3358033
194.8806319   1.2827859
195.6251469   3.0181290
194.2318373   2.7700559
194.6659440   3.7842376
196.0722092   3.9153559
194.6130310   4.0056815
194.3315416   4.4894253
194.4929472   4.0902144
196.5302542   2.9049979
193.9786515   2.3542129
194.2510009   1.3228786
194.0647848   2.7841518
193.8438327   3.4571558
195.3046866   4.0861226
194.7964479   4.5149916
196.2140590   2.9691863
194.7261574   5.0220967
193.8956103   4.3721586
193.0720473   3.0188538
193.6272512   3.6194251
195.2993965   5.2177277
196.9053891   3.5421137
194.3785839   3.9687479
193.1170564   3.9771797
194.5011022   4.2789793
194.9676842   3.4425067
194.9827575   1.8071735
194.7341685   3.5877322
195.4023881   5.2662416
194.4140556   0.9815802
194.0398289   2.5647942
195.6840592   4.5222773
195.7017363   1.7243922
194.7204742   4.2541707
195.2956691   5.3770632
194.8522480   3.6842959
196.0150667   2.3947823
192.7284847   3.5214959
195.9638182   3.4663807
194.0804590   1.8297516
196.7324390   3.5355622
195.4165268   4.5649463
197.1279717   3.0145165
195.3263834   3.4225027
194.0991391   4.1712475
194.8622185   3.5956332
195.9749826   4.8732177
194.4950227   1.7655739
196.4025986   3.9965926
194.2017499   4.0971060
193.5648919   3.2186829
196.1938778   2.6279934
193.0479600   3.4008503
195.3174720   4.6390222
194.5400711   2.8158466
194.9811152   2.0819150
193.9448270   2.8224195
194.2294342   3.1837037
194.9349075   1.8680718
194.3545152   1.0145790
195.8809118   2.3621144
194.4136873   2.1133189
196.1684809   4.0275941
195.8749584   4.5765527
196.1633446   3.2380565
195.7746027   4.0703772
196.2720047   3.5317815
196.7774340   2.6773071
195.3209155   1.6338992
194.4348563   3.3276581
194.7571638   3.8663749
194.7879016   3.7529773
195.6187210   2.2588663
195.2987706   5.3666270
192.7049830   3.7453199
195.3326784   5.6720040
195.8693909   3.7693919
193.7774075   3.4047891
194.6279505   2.8250644
194.8715209   3.9322135
196.2397340   3.8654545
194.2010444   4.6504988
195.2559702   1.8450656
196.1375880   2.2733088
194.1708770   3.7937231
197.1919827   3.0470503
195.0756244   3.5246704
194.3134300   1.9631608
195.9391239   3.4279076
194.5505549   4.0272045
193.8501242   2.1169698
194.9461944   4.4806114
194.8254733   1.7444180
195.6297615   4.1304057
194.5792460   3.3735536
195.4121798   1.6457977
194.5147665   4.1927872
195.5554924   3.4213783
195.9138094   3.0283222
194.0107205   4.3271008
195.6942177   3.4634698
196.3172615   3.8296907
194.9520091   5.3098919
194.7681170   3.0010639
194.7853115   3.1613291
195.1098893   3.5355711
193.9399664   3.6916675
195.3871093   1.9552736
193.3465992   3.8138557
194.2923029   2.2354775
195.3879321   4.9779360
195.5037730   1.6785053
196.4674125   3.7792721
194.4318380   3.0058877
196.0446424   4.2408252
195.0058826   4.1743729
196.0359517   3.4801891
192.7155385   3.7250139
195.4775985   4.2670811
196.2306197   2.9747332
194.6251704   1.6839323
195.4528002   3.4047562
195.0113218   1.4860169
196.6274401   2.6203807
195.5803310   2.3923095
195.2454056   3.1970954
194.6362025   4.9482992
194.3976127   2.1833479
195.5656524   2.5214297
194.1751337   2.2819247
195.8377211   1.9885392
195.0754008   3.9033603
193.5554872   4.4037423
196.1522487   2.6910078
194.2879131   4.0216150
197.1531402   2.8261627
195.8888232   2.6134260
196.0616517   4.7620657
195.1538240   2.0148672
196.7612254   3.1498422
195.5454374   2.9212689
195.1086564   2.6231713
194.8981803   3.4063437
196.6353449   2.8663012
195.5772849   2.3218687
195.4638736   4.3014783
196.4709692   3.2653867
194.1739762   3.3992358
197.0622199   3.0243081
196.0711149   4.4120129
194.0152745   1.7897837
194.0726924   2.2060712
195.0367967   4.7971427
194.6909631   1.7692774
196.1384422   4.8394475
194.4870698   2.2353360
193.3616862   2.9468543
196.8950859   3.1693686
194.6817289   3.6699835
194.8260804   2.2555550
194.1047471   2.7149655
194.4414114   2.0846814
196.2954569   2.7795510
194.8643225   1.8700786
193.6162929   3.3723722
196.0716003   4.3965529
194.7604296   1.9860811
193.5919574   2.5680979
195.5004222   1.6253066
194.2370561   1.0452583
193.3930013   3.9438988
196.7285281   3.0419910
196.1371836   4.6183975
193.9641334   4.6600597
193.5650845   2.8582954
196.0580034   2.3610409
195.1000591   2.5726572
196.1967504   2.1722414
193.6613687   3.5265752
194.0834487   2.1136070
194.1480172   4.6142529
196.1548883   4.5297198
194.5170677   2.3905335
194.1930262   4.0784821
195.3712844   1.9220380
194.6252143   4.1956605
194.7196157   1.0267834
194.3399843   4.8432855
194.5304597   3.6319641
194.6605699   2.4270407
192.5951187   3.8579456
196.2995731   3.5021435
193.7767943   4.5586991
193.6605083   4.2005932
196.5155386   4.0563449
196.9221550   2.7816310
195.9509831   2.2810562
193.4111003   3.6010755
194.6917135   3.4426403
196.1045349   3.3939531
195.1733354   3.7610917
192.8582229   3.4105114
195.5050274   5.5725518
195.6812077   4.6732191
195.8626718   2.5753638
195.5593075   1.9286432
195.6658436   2.6890780
193.3681622   4.1656196
196.6920943   3.0353415
197.2345142   2.7816287
194.6707500   4.8115085
195.7462103   5.1526818
196.7914617   3.6989244
196.5349070   3.4913852
194.4303196   1.1858074
194.4444821   1.1659951
195.7139869   4.0058063
196.5223671   2.7113320
195.4094175   4.1748385
195.9930000   3.9417726
194.8815170   4.9921041
194.2532155   2.8189969
196.7185387   3.1083113
196.1202385   4.2968721
196.5172982   3.6645215
193.3303406   3.0752473
193.8566668   4.0979194
195.7003286   3.6399489
196.0709500   2.3436909
194.6166011   4.0804354
195.9891566   4.3126172
197.1469052   2.6886055
194.7310395   4.7018800
194.9241862   3.2641422
195.9761020   4.7809322
193.2318303   3.6411256
196.8652786   2.8249256
194.9122610   1.8519754
193.7001033   2.6729830
194.2655228   4.5632235
194.6156384   1.3790142
195.4600647   2.7470825
196.2821963   3.4631599
196.5890471   4.1128210
194.6095632   3.6502930
196.3173285   3.6291837
193.3539154   4.0526441
194.6143715   2.2623939
195.3334677   3.3837350
194.1934433   4.5593048
195.4270174   2.5507506
194.6517750   2.7398485
195.9814701   2.3264872
195.3518461   2.0761504
195.5711631   3.9237723
194.7527212   2.1354101
196.0774524   4.5688594
196.9755151   2.6733468
195.8329908   3.7922671
194.8161781   4.2713625
196.6512678   3.5749067
193.5297770   2.6514747
194.6004571   3.6176401
193.7057352   3.0809516
196.4070555   2.2944751
195.0941743   1.9349091
196.6961690   2.4070399
196.5734731   3.0809771
195.8351962   3.2356282
196.3560502   2.1234020
195.7887233   2.0055394
194.7070095   2.7111222
194.8653786   1.9621483
196.5857047   3.6907011
197.1150492   3.2672965
193.1952970   3.6912752
193.4060151   3.2349486
195.9182345   4.6564240
193.9425798   4.5430602
195.3294168   5.6960442
195.5506502   3.0836082
193.1547532   3.2470752
196.0877300   1.9992480
195.8096203   5.2209613
194.1943237   2.3707799
194.8641698   3.0590886
195.0357294   2.4822328
195.9053455   2.6625617
194.8645941   4.8546413
193.3136809   2.7518648
194.2784819   3.5583402
197.2487670   2.8950136
194.8560041   4.2930837
193.5797172   3.5221806
193.8302778   4.1052089
193.8691829   4.2775497
195.1453997   1.9457669
195.0420707   3.8822907
194.4395655   1.6152389
196.0200445   4.0041614
192.8767062   3.1944769
193.5712650   3.1761271
194.8906783   1.7551975
193.1850226   2.8993136
194.1250795   3.7356086
195.3777276   5.5903374
193.3183663   4.1001360
194.5700376   4.9390329
194.7710652   5.0127465
195.1315915   2.6859816
193.7965867   3.1032344
195.8301427   4.0489451
193.0929535   3.9748826
193.5045587   4.4925397
194.9049643   4.8520493
193.4480404   4.4538024
195.8954131   4.4966267
194.8466516   1.9090572
196.8645092   3.3409136
195.6543645   2.6146581
196.1248373   2.4074458
195.9866225   2.2744493
193.4322999   3.1744022
195.2004315   3.6297570
196.1940886   4.1228506
193.5830797   2.8686596
193.3373160   2.6460390
194.9919997   2.3384770
195.0669189   2.1855340
194.6546494   1.0056679
194.3866038   4.8565926
195.4823476   3.0063589
195.9918992   2.2900931
194.2263111   2.2139583
194.8902408   2.8029882
195.0117522   5.0828419
194.5293989   4.2842917
194.3486432   4.4495882
196.0164951   4.1710754
194.4012713   1.9416513
