 44.4123249  28.5576020
 46.7166741  30.7822292
 46.8700664  29.4097641
 46.3056931  27.9240854
 47.2273142  27.7253869
 47.0543549  30.3785837
 44.1588178  28.4710512
 44.9785692  30.0138782
 47.0825286  30.5014345
 46.4773718  29.9486880
 45.2494479  28.3522211
 44.1789395  28.0811853
 45.2399063  28.6730359
 43.7730754  28.5810331
 44.2483169  29.9015694
 46.8832388  29.9915710
 46.3678083  28.8058711
 46.5055166  27.6807884
 47.3874924  29.1472093
 45.7223629  28.5160981
 46.6652264  29.3489885
 43.5768036  29.5624809
 46.6244166  29.8632054
 44.7914363  26.8858266
 46.4748611  27.9419908
 44.3599182  27.3985896
 46.2707294  28.8120797
 46.0176755  27.4264821
 47.0395078  29.6573164
 44.5248041  28.0164774
 44.6518947  28.2327489
 47.7152576  27.7360187
 45.2284849  30.4214888
 45.2401276  29.3511612
 44.1276355  29.1136920
 45.6169194  29.1693761
 46.0651792  28.5417616
 46.6123718  29.2530959
 45.0749328  29.0945641
 47.1070643  30.5687711
 45.1235629  27.2379105
 44.5717431  29.6023856
 47.5458267  29.3735629
 45.6007683  28.0458271
 44.3338454  29.4013464
 46.8660165  27.6531318
 43.6327723  30.0152757
 46.7564554  28.1533209
 43.3996257  29.8663818
 46.2245757  29.2153860
 44.6054198  30.0933767
 44.1284619  29.3835815
 44.7004866  30.3659768
 47.4512305  28.2471747
 45.1920358  29.2230458
 46.9572137  30.1077648
 45.6503670  29.6687611
 47.0615635  29.5183409
 45.8747907  28.3408167
 46.2902180  28.7858084
 43.8945430  29.9911618
 46.1944423  27.5784927
 45.3832779  29.9877756
 45.0728337  27.5544140
 47.4448777  27.6170450
 46.3665482  30.0567736
 44.4468961  30.3010770
 43.5277507  29.3778010
 43.9176584  30.0002285
 46.0988672  30.0812139
 45.9156392  27.5453066
 46.0741235  27.1534704
 45.6193616  26.9650798
 46.6800109  29.2497042
 44.5563718  27.9601525
 45.6834278  28.8611291
 44.1238626  29.8662591
 46.5024451  28.5854604
 47.2715817  29.7977079
 48.1723679  27.6404586
 44.8750291  26.9712289
 46.6934195  28.3743853
 45.7061866  27.1366964
 47.8140557  27.8605863
 46.7606885  28.1516702
 46.6586207  29.1190690
 46.7012826  28.1189988
 44.1289234  28.3489139
 44.3273935  29.2936964
 45.5810605  29.3038505
 46.6849918  30.1666497
 44.6035721  28.4601322
 45.2272355  27.9759484
 44.7147014  30.2031051
 47.0771788  28.5038795
 46.2176657  27.4909835
 45.5912936  30.4710826
 44.3355497  26.9359475
 46.1964631  29.7991465
 47.7119973  28.8799182
 44.0685613  29.9693390
 44.8247331  27.5152136
 47.1112302  28.2162695
 45.6929658  29.7517824
 47.0865485  28.5609144
 47.6817070  27.8994365
 46.7629311  30.6555746
 46.4121749  27.7300638
 46.6218447  29.4468861
 43.4191487  30.0343765
 46.9709348  30.7381868
 46.2921104  27.2870657
 44.7170058  30.0135207
 44.8851872  28.6433866
 47.4137639  28.3939586
 44.3807525  28.3020871
 47.0536008  28.9195410
 44.9804537  29.4735375
 44.4983235  30.3187372
 44.4931925  27.6075615
 47.1577721  29.9453616
 46.9842130  28.8386616
 45.3970881  28.4883902
 45.2663045  28.7979526
 45.0169683  26.8676679
 46.9965882  30.4333602
 44.3763836  27.2183377
 46.2155689  28.7476861
 46.4315394  30.0997405
 46.8696123  30.8067038
 47.8922483  27.6931433
 43.8547135  28.6320597
 43.6185088  29.5288659
 46.5009991  28.2267278
 44.7367562  27.0308572
 45.4087939  29.8531844
 47.2615780  29.0419723
 46.4419353  27.2363091
 45.8018176  30.3635497
 46.9835313  29.0554626
 47.6843468  28.9924031
 43.9346497  30.2149539
 44.7127080  28.4876920
 46.3886756  29.8718381
 43.8198879  28.8581791
 45.6437710  28.1413267
 43.8823261  29.1516663
 46.0341460  30.1262641
 47.5016241  29.6320231
 47.4475831  29.5338020
 44.6099118  29.6469403
 46.6795253  29.2967091
 43.7652177  29.7397925
 43.5878198  29.3582200
 46.7338025  27.7683078
 47.5177438  29.3746156
 47.2983260  28.7276578
 43.7771528  28.1592562
 46.1782179  29.7922506
 47.1066447  29.9964925
 47.1410388  30.3878630
 45.3852003  29.1617767
 44.3107348  27.1938661
 45.9202634  28.2838561
 46.9562433  30.2523211
 44.5671686  28.2809632
 44.5417380  28.0130417
 44.4924178  30.0061079
 47.0625639  28.7761397
 45.1344848  27.4492670
 47.2301270  29.5552583
 47.0458758  29.7607280
 44.6954654  29.1086177
 45.3768674  30.4043677
 44.6428128  30.0187510
 46.7647440  28.6629638
 46.0671962  30.7562546
 46.8974867  29.7761394
 46.2865689  28.1036848
 45.0152529  29.9420205
 46.9094056  27.9181888
 46.5229284  27.6065966
 45.7149029  30.2836477
 45.7186100  29.8579586
 44.8342447  27.7374165
 46.8696537  28.9299975
 47.1102366  30.1358921
 45.8610905  28.6328155
 47.1116611  28.8373193
 45.0480356  27.4049559
 43.6931375  28.4816222
 45.2235731  29.6371454
 46.7173763  28.6588502
 47.4053439  29.4671964
 44.1472273  28.7313432
 45.1182281  27.0283886
 45.8028703  27.8814402
 44.6594083  29.5027997
 44.2732881  29.1732951
 46.0157361  29.5992069
 46.3132560  28.7830263
 44.7248676  26.9344712
 47.0567039  29.2508589
 43.5306180  29.0603518
 44.4057913  28.5943163
 45.8251088  27.3085320
 45.6649071  28.1035905
 44.8838369  27.7656145
 44.3483325  27.7790098
 47.5267765  29.1555807
 45.1985394  28.0181318
 45.6946295  28.1798290
 46.4684384  29.0237658
 47.1523090  28.2473051
 47.7067630  28.8637801
 45.4057967  29.5924609
 46.9725655  27.7296383
 46.9012910  29.5250761
 45.4914909  28.4587475
 45.9035684  28.3109636
 46.7955559  30.4804886
 43.6036089  28.5056301
 44.1288275  28.3720807
 44.6122923  27.4993436
 46.1822572  30.5939910
 46.0749363  29.6110543
 45.9398776  28.4861798
 47.2386263  29.6595207
 46.6085362  29.2037891
 45.3140759  30.4071837
 47.2015020  27.7411253
 47.8983212  28.1465872
 45.8507934  27.0419672
 45.6351906  30.0542804
 45.1105859  27.9469752
 46.7446114  30.3780310
 45.3621867  29.9986407
 45.7010635  29.5900139
 43.6705945  28.3613303
 45.3805896  28.3954842
 44.7164991  27.5139685
 44.9964168  27.9894772
 44.8469095  27.8834832
 46.0179313  30.5142800
 44.9219808  29.4229655
 45.1719500  30.3928566
 45.9256470  29.0637087
 43.3856247  30.0977514
 46.9658440  28.9734371
 47.0852009  27.9610308
 46.1765611  27.2086597
 47.0594755  29.7288663
 47.4933588  29.0906756
 43.4636534  30.0771130
 45.7780557  28.5060198
 47.3070758  27.7360074
 44.3624171  29.3858187
 44.9955690  27.5580646
 44.7980013  30.0543803
 44.3388403  26.6882643
 45.3774062  28.9328553
 46.9635965  28.2332886
 47.2453444  30.2273871
 47.5091635  27.8069407
 43.8759171  30.0968212
 45.9927552  28.2859259
 46.3880582  28.7055471
 46.5241696  29.6607977
 46.5782582  30.9327941
 45.7825590  29.9571757
 43.5049994  29.7558908
 44.3860537  26.9105615
 46.3892703  28.1848391
 44.7942752  29.4365890
 44.5341869  26.7182048
 43.4351368  29.4872634
 46.6705627  27.6070213
 45.7096807  28.1678335
 46.5856905  29.7853084
 45.8801861  27.3070474
 46.9704603  28.0745470
 45.5542070  30.2761891
 46.6962482  28.7724630
 43.7986811  29.1501016
 46.7602620  29.0742719
 47.5150443  28.9097272
 45.4655893  30.3122591
 47.3861480  29.5100861
 45.6697075  28.5675546
 45.3446409  30.4746441
 47.0919313  28.5599506
 46.3572226  29.8578238
 44.0193804  29.6380182
 46.7757039  30.2423615
 43.7570577  28.9884620
 45.9210373  28.8759545
 43.5344478  29.2529463
 44.3708503  29.3546983
 45.6659709  30.1771313
 46.4849276  27.3758366
 45.2326860  28.7412579
 45.0823541  29.7166199
 45.2258142  27.2562880
 44.4182954  29.9653684
 45.8914160  30.6044328
 44.2404940  28.2931244
 44.0147877  29.4305719
 43.5710250  28.6471945
 46.4173273  27.7800623
 44.2308594  29.0923151
 46.3158924  29.8382290
 45.5387268  27.1875738
 46.1867411  28.8478009
 44.7747830  27.8443325
 47.6311723  27.8795620
 45.5770673  28.0530167
 46.4829059  27.8975500
 44.5318209  29.8601853
 46.6157391  28.1592637
 45.3283684  27.0889689
 44.8326840  27.5224087
 45.7850195  30.4472335
 45.0579469  27.2327395
 47.5090532  28.5450276
 46.4188027  30.1372107
 46.4523690  29.9598000
 46.6401558  30.6513254
 45.0997260  28.3267129
 46.1398406  28.6567507
 43.5309685  28.9315870
 44.6998791  27.5338894
 43.8821784  29.9864979
 46.6244790  29.3798895
 43.6851735  29.8115632
 46.1803696  29.5157641
 46.7369700  27.4209338
 47.0404400  29.4452485
 47.9930735  27.6406462
 46.8446898  30.1457545
 45.9392466  30.6264168
 46.6459195  29.1107660
 46.1077433  29.9798255
 46.2745813  27.7326263
 43.6925419  28.3326243
 45.7690444  30.2764172
 46.6627450  28.9164164
 44.5086989  28.0772076
 46.1993465  28.6697005
 45.8627984  27.7216541
 47.2342074  29.7625269
 43.3838722  29.6924255
 46.9843291  27.8075323
 44.7845367  29.9331868
 46.0023893  28.8797038
 46.0452883  30.4623763
 44.3517187  28.4435191
 47.4676958  29.1981474
 47.1782194  30.2122453
 45.9354356  27.9658993
 43.9755584  28.1872348
 44.2783219  28.4609969
 44.4130725  30.0121592
 44.3220554  28.8073606
 44.0693397  29.1284852
 44.6876576  28.6957853
 43.7793995  28.2297851
 45.1072400  29.1741508
 46.8058642  27.4874080
 45.8801486  28.6889855
 43.5233228  29.2947586
 47.4457733  29.5537690
 44.8921265  30.0420685
 44.4796501  26.6430524
 44.8215044  27.0989399
 43.9874840  28.2320163
 44.4789642  26.9471568
 44.9512768  27.3990380
 46.4708702  28.5751396
 45.2517599  29.7696580
 43.9571858  29.7843947
 46.1888300  29.8627439
 44.7013600  28.9675477
 44.1917666  27.9192915
 47.8260107  27.9492048
 46.6334751  29.1091161
 43.7663505  28.9694983
 46.4385879  28.4732565
 47.6196142  28.7120101
 45.6894484  30.5084175
 45.6862913  30.7281483
 44.2709463  28.8454927
 47.4753180  28.1308296
 47.0158220  29.0633656
 45.2510771  29.8405848
 43.3561300  29.3785081
 46.8401125  30.7048732
 44.0847738  28.9513099
 45.6234221  27.9356263
 44.6407496  27.6320260
 44.9898187  27.5127385
 45.1727157  30.2202143
 44.6962601  28.2822078
 44.9243914  28.1414401
 45.1769151  27.7295311
 46.4711913  28.2515517
 45.5986002  28.4432248
 43.6489849  28.5872626
 45.9451938  28.7545674
 44.5621131  27.2469050
 43.9371817  29.9201872
 46.6605600  30.6527860
 47.6978381  28.1172162
 45.6490087  27.8263078
 45.8643335  29.1880006
 43.4778451  29.0252525
 43.6277173  29.0022596
 46.8554347  29.4309291
 46.9537579  28.9649831
 46.4158950  30.8698540
 45.6784771  28.1246414
 46.7675494  28.6542424
 44.1035090  27.3032481
 46.5551776  28.3187564
 47.4636625  29.0004385
 47.3462922  27.4444349
 44.8025101  27.0345840
 45.4591499  28.5179939
 43.7259929  29.2676144
 47.1891238  30.4974791
 43.6056084  28.7946783
 45.5994487  28.1032764
 45.7570638  29.4074923
 44.6354962  27.3811725
 45.5992220  28.1802167
 47.1846701  30.1662866
 46.8675470  30.8628388
 45.9275212  27.6836132
 43.7437533  28.7752424
 45.0830528  27.6582087
 46.8151775  29.9747229
 45.2504483  27.4448594
 43.7577796  30.1017095
 44.7187806  27.7436360
 46.1855166  28.5798198
 44.7790983  29.2026645
 45.6703482  27.0478477
 45.7445831  27.0656528
 47.8438741  27.5781439
 46.5334512  27.3545653
 46.6291180  28.6908608
 47.1827811  28.6041109
 44.1963079  30.0651512
 47.4455023  27.7043701
 43.7863554  28.6273851
 44.2167710  30.3325776
 45.4099071  29.9712427
 46.2515023  30.4165310
 43.7442243  29.5838268
 45.9621288  27.3692014
 47.5628567  28.4662137
 44.1099533  27.8387243
 45.9702328  28.5215012
 46.1869523  27.8178912
 46.3732881  30.8500814
 47.3317637  30.1557279
 45.4328092  29.0316174
 46.8896585  30.7870356
 45.1087439  29.0701767
 46.3446222  29.3642251
 44.8177226  28.2933344
 44.6347103  29.0202275
 44.6042490  27.6892990
 46.3394216  30.7838381
 46.8749995  28.1208933
 45.9283321  30.6734043
 47.7422914  27.8967413
 43.4229762  29.3398790
 45.6801281  28.0611261
 44.0003258  30.1278349
 47.7402293  28.9192914
 45.5536244  30.3905219
 45.2115464  29.7807842
 44.5700955  28.7841488
 44.8731565  28.5909560
 46.2696109  29.8275433
 45.8862192  29.0517410
 47.1906795  28.5032838
 47.7870822  27.5759976
 46.3041685  30.0045448
 45.3082478  30.6014938
 46.0744203  28.3232105
 44.9257830  28.8567324
 47.2187613  28.1001321
 46.0953587  27.6337002
 46.2953623  29.2142536
 46.7661911  28.9678761
 45.0894139  27.8923822
 45.2546339  27.3494004
 44.4448452  29.0264091
 47.0846915  30.0912074
 44.7618078  29.0432823
 45.5994511  30.5330110
 45.1986783  29.8280672
 44.8972660  28.1718191
 45.9552205  28.5212544
 44.8890354  29.8950310
 47.6395855  28.0490420
 44.2287824  26.9391317
 46.6690013  27.9102840
 47.9196348  27.9190992
 45.0529629  29.5113093
 44.3121464  29.0311268
 44.1540718  28.3858721
 46.3112718  27.4316374
 47.8567198  28.0859877
 47.6692600  28.8642853
 45.3425325  28.4307047
 44.1930266  30.2551273
 44.1538219  29.7424190
 47.1665639  27.8152027
 47.0787074  28.7062261
 45.8566897  28.7672545
 44.9711140  28.3038302
 46.5700267  29.7016446
 44.3333841  28.3269253
 43.4751014  29.3624573
 46.3038482  29.5624616
 46.7549266  28.5868648
 44.3600418  27.5992913
 46.9177930  28.6942583
 45.9799411  27.3496782
 43.6896064  28.6746608
 46.7832756  30.1242549
 44.3971638  29.3855908
 46.3038434  30.0700086
 44.1037478  29.7066994
 46.8845357  28.9911421
 45.0153798  28.5419216
 45.5050653  29.1082562
 46.5239884  28.7320842
 45.7613016  27.9125572
 46.6242050  30.2996675
 44.3108367  29.0353577
 44.8319535  28.1698870
 45.3840971  29.0496617
 47.4483100  28.5433027
 44.8969784  30.1466347
 43.8160195  30.0556437
 46.6149933  27.6400322
 44.6156020  27.0243643
 46.1376345  28.6367053
 46.0602394  30.4117028
 45.6885197  28.7897822
 44.8019046  29.9995133
 44.7042769  27.2620568
 45.9642368  29.8360386
 46.6993836  30.4597207
 45.8217501  30.0591586
 44.9341680  27.3735794
 47.7092521  28.4683344
 46.3490214  28.2582687
 46.3901891  28.8791986
 46.5256050  28.2576948
 44.2028575  26.9634786
 47.2138262  30.3595681
 45.0367405  29.6535964
 45.8594091  27.0980593
 47.1827372  30.0330571
 44.2286683  28.6438195
 47.5629787  27.8563073
 45.4122891  28.1827577
 44.4323131  29.4528983
 47.0608116  28.7948220
 45.6321177  30.5710118
 47.3825379  28.4395837
 46.7035148  30.2449224
 45.7696362  29.3829251
 47.2144489  29.7353295
 46.9225359  31.0376862
 46.7249732  29.4655400
 47.2105936  28.5972484
 44.6342612  29.1406191
 43.9004740  29.4285431
 45.7434081  29.1198629
 46.4707844  29.8608414
 44.7470305  30.3912797
 47.3607829  27.5185263
 44.2734853  29.1886018
 45.7128423  28.4241033
 46.3417933  30.0009397
 44.8017015  30.0065277
 44.8009011  27.9709895
 46.7118900  29.2197236
 45.5344532  29.8958968
 46.9756023  30.4589629
 43.8682398  29.3886816
 44.6929463  27.8994758
 47.2427916  29.0753279
 44.5022011  29.0872857
 46.3258484  28.6326159
 44.2062769  28.7036506
 44.2928592  29.6119043
 45.1612362  27.2794580
 43.3605770  29.6971725
 44.2904467  27.7267487
 46.0924519  28.6084771
 46.1829790  30.6990505
 45.4789870  29.8352693
 46.8808880  27.3568975
 45.4601947  27.9710373
 44.4019991  28.0465416
 45.8354326  27.8183154
 45.7192312  27.3580329
 44.9262516  27.1797424
 43.9324314  29.4210597
 45.6145004  27.5521049
 46.1969268  27.8730767
 45.5950935  30.2661815
 44.0861238  29.4116675
 43.9158525  29.1192974
 43.7759456  28.1750391
 46.2502166  29.7950698
 44.1102749  29.7099233
 44.6987074  29.8134602
 47.3875250  28.7009095
 47.9309545  28.0480804
 45.2816871  30.1906261
 44.4450580  29.0224867
 46.2022284  28.9522071
 47.7350812  28.0096159
 46.2907072  30.2914865
 45.0167693  27.3153591
 47.0200353  30.0959945
 46.7664746  28.0469476
 45.3424679  28.7874371
 43.8354506  28.6983174
 43.5181781  29.5900881
 44.7189435  27.5402171
 46.1898566  30.1942949
 44.6335520  29.1237429
 44.8764630  28.9022336
 47.2229435  28.7094073
 45.4456167  30.4099562
 44.1152119  29.3042349
 46.3303107  29.4901971
 46.4302410  30.0908948
 45.4401108  30.5740951
 43.8529302  30.0236396
 46.9955189  30.0776329
 43.7509639  28.5459639
 47.0496860  29.9866405
 44.6451998  26.9998799
 46.6972375  30.2814773
 46.1735408  29.2448407
 44.5783706  28.8767825
 43.9370536  29.7973984
 47.9113305  28.0351608
 45.6064281  29.2854464
 44.7888501  28.3985260
 47.4912348  28.1209686
 44.3229485  26.9529946
 43.2550322  30.0172750
 45.7580408  27.6806126
 44.9519725  28.6946761
 46.1871157  30.2223969
 46.3761878  29.0086274
 46.5471622  29.2396431
 45.8880474  29.8493507
 45.6767909  30.6353513
 44.8136144  28.7605813
 45.7990312  28.2723194
 45.0601211  27.7121662
 43.4783354  28.9051851
 46.7763387  28.3681870
 44.9927911  29.7820891
 44.4866902  27.1980788
 44.8320671  30.2908897
 45.0486884  28.7421622
 45.3532267  30.4500332
 45.1819073  29.5944009
 47.4109057  27.6624881
 45.5912004  29.1871559
 44.9345160  29.1070435
 46.8186141  27.5808793
 45.3803008  29.9331071
 45.0690904  26.8876213
 43.7983569  29.1866224
 45.4307165  27.6195304
 44.5892377  29.4045367
 44.2708132  27.0526802
 45.7046818  28.8261922
 45.5714105  29.3179363
 45.4687342  27.5347320
 46.4533509  29.8626915
 43.9956930  29.8350191
 46.9411797  28.0115487
 47.1685475  29.8323810
 44.0143243  30.1474592
 43.9412482  27.8024174
 46.2614105  27.3282919
 45.3258096  27.2139562
 45.7529406  27.2424579
 44.4561746  27.8946423
 44.1088512  27.6504900
 47.8089519  27.8477385
 45.8987015  27.2451628
 43.5299832  28.8546188
 46.1952870  30.4451205
 45.1657454  29.1382242
 46.1644616  28.3167926
 45.8403758  27.5504705
 44.3068469  30.0723686
 45.0425298  27.1108925
 45.7062782  28.1293200
 47.7068611  27.7693709
 46.3515523  27.8458234
 47.3571088  28.6807913
 46.4259530  30.8977864
 46.6546080  28.0903908
 45.4373724  27.0567872
 44.4234535  29.0419060
 46.9826425  29.2633471
 44.5377508  27.3955346
 44.3623157  29.7432825
 45.2306330  30.6048742
 44.8870523  27.0496602
 44.4973194  27.4901230
 45.0569279  29.5998772
 46.9946836  30.0264397
 43.1671283  29.7292136
 46.1963895  27.8553959
 44.3880211  27.7147107
 45.4161704  28.4784578
 44.9612894  27.9056995
 44.6249569  28.8185031
 45.5473485  29.2431581
 43.3744814  29.7403519
 43.6241071  29.6292249
 43.7126287  29.7308356
 44.9989663  28.1685883
 46.0337450  27.3276023
 47.2711961  29.7075153
 46.1336810  29.5717783
 46.0957211  28.6974932
 46.7764365  29.9921233
 46.0449415  28.2699090
 45.7409541  27.1181076
 44.4763376  27.4298999
 43.2797705  30.0004150
 46.9421035  30.7932857
 47.5460454  28.6977561
 46.8820137  28.4575605
 44.0257381  30.1219788
 45.0082182  26.8116488
 46.6783769  27.7158878
 44.9477220  28.0642751
 43.8915005  29.2287733
 46.6287605  27.6929325
 47.1962808  28.1196996
 46.2499897  30.2331056
 45.7693283  29.6774863
 46.9927760  28.7394240
 43.9932802  29.1494041
 45.7298840  29.3691444
 46.5047471  29.3466312
 44.4682957  27.8009541
 46.6507586  27.9173617
 47.2462865  28.0515411
 45.8311456  27.4166776
 43.8591494  27.8959409
 44.1370322  30.1405032
 44.2425666  28.8021599
 45.2537301  29.2769442
 46.8816482  30.4327388
 46.8211163  27.9142662
 44.1543839  30.2743792
 46.0155098  28.0652680
 43.3940348  29.6074593
 47.5295384  28.7728464
 45.1114641  28.4362363
 43.9936339  29.1797267
 46.4319947  29.9688608
 44.2579938  29.7095115
 44.4224650  29.3349708
 47.9419547  28.0262197
 46.5179724  29.6726701
 45.7392658  30.1798026
 46.0786320  27.4020472
 46.5840809  29.2026225
 43.7974015  28.2332190
 45.9841218  29.3777851
 47.3740898  29.4417582
 45.9341813  27.8399164
 45.0566622  29.6673916
 45.0586384  28.7518733
 44.1867167  29.2096866
 46.9849074  29.5984932
 44.5005877  29.0174363
 44.9819657  29.5940980
 45.9358450  27.1568548
 44.4421926  28.6482271
 44.7080015  30.2932004
 44.4052441  26.7962827
 45.0329668  27.6523051
 46.3271019  29.3236037
 46.5226886  30.2755164
 46.9655268  30.0254000
 46.1604909  30.2218548
 45.4085765  30.3177821
 46.4558835  28.2989896
 48.0680848  27.8091054
 44.7782678  29.3260013
 44.0867960  27.9763123
 44.8089486  28.9763556
 47.8096788  27.7416186
 45.2238352  30.1577884
 45.1536939  30.4557739
 45.4370590  27.7862378
 47.1468745  27.6596080
 45.3978629  29.7091840
 44.3307220  29.5042149
 47.3675540  28.1776541
 45.9238436  28.8491577
 47.7903404  28.6511235
 46.4423429  28.1408951
 45.7073148  27.1910008
 45.9784376  27.2193424
 44.5382111  28.7493982
 44.0756869  29.3276410
 45.5383151  28.5750219
 45.2793423  30.2675757
 44.7543473  28.2071780
 47.5099392  29.4485954
 44.7991134  26.9701268
 45.1696108  30.2107803
 45.5840720  29.2710592
 44.1186567  30.0217061
 46.9099010  30.7608978
 47.1493446  29.4405486
 43.4034072  29.9134906
 44.9741116  29.7678967
 44.0604479  27.3570155
 45.4202900  30.0966435
 46.4195492  28.0096901
 44.8110124  27.0961784
 45.5519779  30.6474086
 46.5125746  28.8315433
 47.0147520  30.8684865
 46.0749656  28.8278023
 46.3007514  30.8896245
 43.9609849  28.6108494
 46.5979006  27.7291101
 43.9416048  27.8593117
 44.1997503  28.7955225
 47.5810943  28.2432397
 44.1733150  27.5068640
 45.0028312  27.6834874
 44.1574307  30.2880045
 46.5796998  29.0780374
 44.6576201  28.0957330
 46.3860754  28.6144249
 44.8048885  29.9910868
 45.4280884  27.5859811
 44.7668457  29.9897258
 44.0954166  29.4471939
 47.0222772  31.0344440
 44.9623996  27.5367864
 45.7059225  30.2844064
 44.3104955  29.9578987
 44.2621992  28.5132976
 44.5584377  27.9240045
 43.9346261  27.6291426
 46.6962352  30.9851844
 46.2862594  28.9191526
 44.5734716  28.9793532
 45.1441623  27.2934557
 46.6726348  30.0859906
 44.9453286  27.5449165
 44.4551319  30.4071107
 45.3858805  30.4020930
 44.9098430  30.1141174
 44.0561411  28.3634951
 47.0295135  30.1090997
 46.7163031  27.6315018
 46.6941576  30.9895756
 43.9618644  30.0825603
 45.0631758  27.5043193
 45.2048719  27.4242983
 44.0541642  28.3476115
 45.4673653  27.2765595
 44.6680625  29.7689917
 46.9818978  30.5828711
 44.4412434  28.6810459
 44.7400258  26.7406019
 45.5885213  28.8258755
 47.4060141  28.9753202
 45.4094529  28.5448566
 46.2012404  30.5635012
 45.0331906  29.4321091
 44.9270413  27.4293979
 43.5914401  30.0070966
 46.7964733  27.3283013
 46.6114254  30.9747687
 45.1820529  29.6906821
 44.5132379  29.4263700
 45.9694256  27.8762760
 44.7037938  29.4392050
 45.8058497  29.1541021
 47.0370652  28.4886948
 47.3411779  29.1543324
 44.5549768  29.7532891
 45.8801383  30.7059437
 47.6157478  28.4486780
 44.3453080  28.9905588
 47.3603423  29.0840475
 46.8645108  29.1943705
 45.2621736  28.2386489
 46.9058603  29.2611206
 45.2225646  27.8914274
 44.7598096  27.2381362
 43.7881881  29.6843333
 45.1654645  29.4265933
 47.5643086  28.8679307
 43.6954567  29.0038354
 46.6619701  28.4134067
 44.9970690  28.1589709
 46.8956840  28.1231724
 45.5912514  30.0784043
 46.2287348  29.0548626
 46.6117362  29.6505808
 44.8524910  29.4198034
 46.1756115  30.2463656
 45.4758478  30.6396903
 45.9390416  29.4450109
 47.2689673  28.1119713
 44.9559008  29.6907912
 46.5086109  27.2331031
 47.8795941  27.7769707
 45.2270580  29.2595416
 44.8351213  30.2068867
 43.5636772  29.2623928
 45.0109583  27.0834294
 45.4595385  28.9199418
 46.0226828  27.4842042
 45.6757255  30.3134227
 44.5205476  26.8057955
 44.4376468  26.8040683
 45.8640139  28.6580049
 46.1926628  29.5289394
 44.2403181  29.2226933
 43.6428342  30.1167309
 44.5363316  27.9256945
 46.6622418  30.4856691
 45.9124649  28.1716417
 46.8706525  28.6781900
 45.6765037  28.6300094
 46.5767821  29.1771817
 48.0003199  28.0740817
 47.7665128  27.9330589
 44.2114665  28.5775862
 46.3158387  29.5575526
 46.6801284  30.6731616
 45.6648511  27.9527787
 45.4953170  28.2445025
 47.7191654  27.8262940
 44.1579370  29.7963787
 45.3316805  30.1870467
 47.4267529  27.6365314
 46.6781434  30.8395377
 44.8598088  28.7196669
 43.8978887  27.9090157
 44.9145364  30.4262984
 45.0354949  27.4068199
 43.9363261  28.3829274
 45.4204972  27.7410003
 45.4037738  28.0252203
 47.2601103  29.3270925
 47.0513050  29.0011376
 44.5570256  30.2587626
 44.7610922  30.0033734
 44.5388396  28.0752152
 45.2521668  27.1795204
 47.5398247  29.4342375
 44.8898483  30.0558828
 46.9982257  30.8317131
 45.3690041  27.4349410
 47.7015472  28.9604063
 44.2595067  27.3183133
 47.3442641  29.4736805
 46.9929702  30.9031539
 45.5148356  28.4289309
 44.1330697  28.0264956
 44.5854327  28.9943839
 46.2844994  29.4563184
 46.3011486  29.4924673
 45.2120316  30.4304337
 46.4211418  29.1008630
 45.2202642  28.3663690
 45.0412749  27.3629757
 44.8430344  28.7978577
 45.9899037  28.3217725
 45.5687903  28.0137500
 47.3613781  29.8242238
 45.8984300  27.4945107
 45.0195321  28.3145308
 46.5239435  29.7844647
 47.4586340  29.5055157
 46.1798491  28.1977296
 45.4941235  28.1009286
 46.3464066  29.1095394
 45.5761683  28.9173494
 45.1206778  29.0673772
 46.5902433  27.6350647
 47.1950341  29.4731155
 43.4521298  29.2004381
 44.0287169  28.9180753
 46.6737558  27.3635813
 44.4619416  28.9788247
 43.8343444  28.4046150
 44.3646647  29.0591134
 45.9708437  28.2262260
 45.3828729  28.4066844
 44.6475339  29.1165203
 47.4416947  28.9387321
 47.1568171  28.8940625
 46.3648189  27.5387605
 45.2325273  27.1297860
 45.2839899  29.9010723
 46.1372424  28.2696254
 44.0184273  28.7886424
 46.2234228  29.3884912
 45.3133756  29.4526545
 47.1728049  27.5989761
 48.0969923  27.8171438
 45.2425038  27.5240202
 44.4823250  27.5969113
 46.2425376  30.3614101
 46.5471269  30.2937286
 46.2904203  29.6351734
 47.2258695  30.2843362
 44.5004262  26.7026852
 43.6015566  29.5671205
 46.4352741  27.7282303
 45.6477537  28.0215904
 47.2005294  29.7859679
 45.6383584  27.2928249
 47.5302093  28.5725851
 44.2468706  28.6931797
 45.9809347  27.2870876
 46.6054311  27.8487431
 44.0810805  29.6930498
 46.6097391  28.0113623
 44.9567550  28.5962771
 43.6972214  28.9679232
 47.1971658  30.5138557
 46.5532930  30.6289756
 45.9916286  29.6037166
 44.6619690  27.2909316
 47.8906686  27.5892095
 44.4282693  28.5373373
 45.9292438  29.3347492
 44.1423938  27.8390036
 45.1627117  30.5426439
 44.7522569  27.2255089
 44.6673789  27.4803991
 44.1945559  27.3179055
 44.7957354  27.3743055
 47.1906255  28.2924938
 46.5312519  28.6424899
 44.5996212  27.1793285
 44.0111958  29.9649655
 46.1768122  28.8816972
 47.2782614  29.8001763
 43.3107895  29.7112943
 45.1749943  30.0049582
 46.2727969  30.6899874
 43.7022707  29.6748687
 44.6935442  27.1798864
 45.8188882  29.6841101
 47.0494992  30.6842234
 44.5402417  26.9813016
 44.5099695  28.5358696
 43.5364461  28.9455662
 46.9001018  30.3904669
 45.8707711  30.3311424
 45.5088487  30.3068696
 43.7794296  29.6255984
 45.1678803  28.5527595
 45.7107617  30.1487497
 47.9290492  28.1129161
 47.0844984  30.0551588
 44.7192573  27.5394370
 45.9262990  30.3066381
 46.4988237  27.9181908
 46.0162114  29.8752886
 46.2499182  28.3268133
 43.9572268  29.3000286
 45.4619914  29.7349301
 47.1960747  27.8349419
 46.2202206  29.9673943
 46.2051492  28.6557426
 45.5867881  29.0435437
 45.1927222  29.4974645
 43.9791104  28.7043778
 43.2137983  29.5649441
 45.4218468  27.5912664
 46.6328204  29.1080604
 45.8249497  28.5192148
 46.8838367  30.2786135
 45.9068505  27.8048989
 46.3629735  27.3827166
 46.9109543  28.8350032
 46.0152839  29.9999760
 46.9568191  27.7856445
 47.5148498  27.6893443
 46.1563615  28.4830335
 44.6822871  29.7146480
 44.8791359  30.2303072
 47.1803645  29.2238141
 46.3006019  28.5183779
 45.0110996  29.0255529
 46.4903404  28.9859255
 45.3395532  29.3896113
 46.9276981  27.4441532
 46.7847339  29.8726343
 45.3743783  30.1270293
 46.4916181  27.3760223
 44.9112332  27.7202127
 45.0345666  29.6348249
 46.4467868  27.3690012
 47.0748887  29.4446652
 46.1722965  29.9724358
 44.0148316  27.6484542
 47.1347858  30.5173813
 44.5738636  26.6895842
 44.8153813  29.1780085
 44.0372148  30.2869401
 45.4707612  27.4123525
 43.6529478  29.4010331
 44.9470154  27.1865498
 45.2862397  28.9761420
 43.8490270  28.8129312
 45.7993727  28.0061957
 44.6194493  27.4146544
 47.2612028  27.7690199
 44.7335355  27.0304595
 44.4724489  28.8626562
 44.9591015  26.9382253
 44.7611035  30.0586481
 45.9826456  30.4790583
 46.6435469  29.8834846
 43.7278996  28.7802550
 44.5552131  28.7810033
 44.8512467  28.3579517
 46.0796950  29.2795919
 44.7642442  28.2633327
 44.6593791  27.4949151
 43.6206429  29.5542945
 44.6996690  27.2759938
 47.5167604  29.0421818
 47.4373157  28.3084413
 46.5060877  27.6800761
 46.2968016  28.1378263
 44.6450312  30.1152074
 43.5113312  30.0850811
 43.2401221  29.6116911
 44.4405932  27.8014019
 44.3106870  28.2292518
 47.4822447  27.9928312
 46.5601149  28.2744043
 44.8359496  30.3707577
 45.8391706  30.2224231
 44.1089182  27.3501825
 45.1733988  29.1258592
 44.8725872  30.2510589
 45.1948930  30.4679121
 46.2801969  30.3688577
 46.4838228  28.6622006
 44.5204166  27.3594352
 45.0147487  28.6210075
 45.6356093  27.9411966
 45.7950552  27.0811490
 44.3145135  28.3700626
 45.8492996  27.4725865
 44.7284975  28.6506744
 45.4242976  30.6440229
 46.5421382  29.0880146
 46.4210351  29.2520758
 45.1741955  29.2153808
 44.3141841  27.4217140
 43.5181805  29.7799577
 43.6187544  29.4525671
 45.8386258  29.7196257
 45.3407610  28.9493177
 47.5483727  29.2857655
 44.3373990  30.2546004
 45.0718732  29.7342633
 44.2079790  29.3776583
 44.4578933  30.3945251
 44.7760629  30.2006946
 46.6946528  30.2443521
 44.9005662  28.9656393
 45.7399365  29.7211636
 45.5977050  28.1590476
 44.8619038  28.7707842
 45.7207593  28.8630166
 43.8853042  28.1030476
 46.1855843  29.0176029
 44.0249357  28.8045200
 43.6148289  29.6864655
 45.8317279  27.4722005
 44.5831278  28.1044169
 45.9711300  27.1338406
 46.0700029  29.4875706
 44.3932861  27.7162256
 46.4731613  28.2122123
 46.7296292  27.3661629
 46.9033079  30.9709659
 46.5670739  27.4312454
 45.4550966  29.3130515
 45.2977159  29.0778494
 44.7380681  29.9209053
 45.6272198  28.0670689
 44.0153539  28.4596941
 44.4357971  27.8119481
 45.2219386  27.8227020
 46.9814166  30.6707890
 44.1426145  27.9572222
 47.1016369  29.9487078
 45.1367006  30.0725902
 44.1930923  27.8368461
 44.2604792  29.4718171
 46.3003482  28.2265569
 46.6425188  28.4117750
 44.2566159  28.8605306
 44.1991490  28.8420126
 47.8727743  28.0831196
 45.9905816  29.7266516
 44.4120609  27.1631881
 44.8132231  27.3577665
 45.6610641  28.4880691
 46.8677394  30.3293564
 44.4072631  27.9851053
 47.1407310  28.5765547
 45.2764545  29.9209634
 46.0978265  30.3252564
 47.7921015  28.1926839
 46.3543217  29.0933200
 47.7015630  28.5516583
 44.0041017  29.0944256
 44.6432209  28.5122094
 47.4086037  29.8755346
 47.1526676  28.6986320
 44.2882508  27.2024662
 46.9225538  27.8274719
 46.0973771  27.1162402
 44.4150646  26.6971206
 45.4377334  30.5292176
 47.3258143  29.9438180
 44.6561801  28.3995770
 43.9101756  29.1475537
 47.4430883  27.4684593
 45.4288809  27.0898654
 47.6473500  28.8632282
 46.8553946  29.8631226
 46.2202379  28.7280284
 45.2296700  28.1952162
 46.4993134  27.5163663
 47.2313079  29.7560147
 47.1665359  29.0829080
 47.0610174  27.5435706
 47.4496171  27.9454178
 45.2996209  30.4013316
 45.8505503  27.0960149
 44.7408974  30.3225582
 46.4250951  28.0550244
 46.2565906  28.4905119
 43.7321937  29.0336175
 47.7947035  28.4860061
 47.6775962  28.4566717
 45.6612250  27.1927520
 45.2238651  27.8073794
 47.2003756  27.5518391
 46.9869631  30.9374631
 47.6704980  27.7426867
 46.7851602  27.3197404
 43.9636358  29.9750423
 44.7213953  29.8403398
 47.1112661  28.2239405
 47.0111674  28.0120450
 47.1863460  27.7250649
 47.2653461  29.9494749
 44.8054068  30.3741531
 44.2123103  28.7647443
 44.4246479  28.4762939
 46.2843204  29.3526138
 45.7937732  28.8251272
 47.3608157  29.8770713
 45.9048674  28.2400639
 46.6394704  27.5217594
 45.5933828  30.7008016
 45.4392575  30.0445684
 45.0253076  27.3304571
 45.3415981  29.8554217
 47.1071432  27.3960772
 44.5258434  26.9601698
 45.7924816  30.3604234
 47.7975230  28.6141493
 46.9736553  30.1693823
 47.7109748  27.5933881
 46.1046867  29.3360919
 43.9103368  28.4773348
 44.4801806  27.7157705
 45.6308278  30.2168672
 47.5789244  28.9527496
 44.9675907  27.9038604
 43.4290067  30.0523021
 45.5487536  30.3716942
 46.5841686  28.1924320
 45.7296801  27.4902016
 45.2132066  28.0069543
 46.6106988  28.3480664
 44.7440890  27.2123517
 44.1294688  27.4267171
 44.0410477  29.0003844
 46.5584411  27.9647410
 46.8591739  29.5660996
 47.7850540  28.0119918
 44.9423845  26.8766553
 45.6998127  27.5587038
 44.0369031  27.4385046
 46.5336670  27.2197003
 46.2802651  27.6048919
 45.8646347  28.6903163
 44.4562518  28.4008592
 46.6091674  29.7129954
 44.1391873  29.3832920
 44.3056200  27.3839554
 46.9980468  30.1284577
 46.9951502  27.9257040
 46.2821484  27.7354102
 47.0165180  27.8526284
 44.5534894  28.8402789
 45.3337606  27.5531495
 46.2704000  30.8770134
 43.6345212  29.5322297
 44.2779510  28.9006104
 44.6962144  27.0433613
 46.0487051  30.2363093
 46.0947256  30.5190925
 43.8399426  28.4662010
 44.5968151  30.2790117
 43.6236727  30.1324168
 46.8467069  29.5209830
 45.4013396  27.0625935
 43.7218651  29.4312745
 45.0521330  28.2008391
 44.0857739  27.5988452
 45.0796104  28.8899533
 47.1676403  29.5442261
 45.0443316  27.3131056
 45.5341485  28.6887870
 46.2820961  27.4168713
 44.7199318  27.7611839
 47.0691193  28.4186354
 47.8645276  28.0257869
 46.5172620  28.9020885
 44.8987514  30.5146972
 45.5520962  27.1743235
 43.3930920  29.5885632
 46.2227575  27.9350263
 46.5201270  30.2555389
 47.3890305  28.5822129
 46.7671703  29.9219656
 44.6409725  30.4067466
 45.9080887  27.4158931
 44.1606086  29.7897513
 45.0292539  30.5651360
 46.1112238  27.6904954
 45.9048721  28.5068631
 47.3135484  29.4234300
 44.9298040  30.4902326
 44.9871960  27.7366454
 47.3985615  27.4733604
 44.9301966  29.0971696
 46.4332613  28.4382492
 45.4406517  29.8685591
 45.2741509  29.8638972
 45.6541912  28.1984894
 46.0131567  28.4129418
 44.4383901  28.1844034
 46.3632946  29.1813900
 45.3359443  28.5916826
 45.4016677  30.0204098
 44.2208315  30.1620720
 46.3152165  28.0157067
 44.6126980  26.9253320
 45.0143043  26.8982457
 45.5795176  28.8979503
 45.8994737  28.6091759
 46.2541260  27.9528902
 47.1041544  27.6928546
 46.8380273  29.0557335
 44.0746026  28.5397393
 43.2373301  29.5989653
 45.0230978  27.9666884
 43.8717886  28.4139363
 47.3984348  29.9423486
 46.8640916  30.3329684
 47.3689642  29.8354867
 45.0638871  29.1210460
 46.6169835  30.1341218
 45.4614845  29.9441480
 46.2443488  28.1997086
 45.7428313  30.5959724
 46.9030127  30.5233056
 46.7708951  28.6646172
 45.5002061  28.7616105
 46.5407699  30.1786168
 43.8746784  29.1373983
 43.5375231  30.0714195
 44.3710028  29.5043152
 45.2673972  27.5783756
 45.5118927  30.6176985
 43.2161698  29.9348130
 45.9330550  28.8025832
 44.5492580  28.5135548
 44.1289331  28.0697323
 43.8555369  29.2433463
 47.4403678  27.6067644
 46.3903484  30.0995222
 45.1641028  28.2053870
 43.3561261  29.4265093
 44.4620184  30.3008705
 45.2060292  27.4899089
 47.5706646  28.5212150
 44.9308395  27.9297094
 44.2055581  30.3273576
 46.4303204  29.0074506
 45.3496384  29.3022382
 47.0839272  27.8166726
 46.0418319  28.2236258
 46.9397217  29.2756870
 45.9545922  27.6630845
 45.7537211  29.9209866
 44.6736681  28.3104582
 47.2421779  29.4443544
 46.9481828  28.7172129
 45.6729080  28.9325673
 43.4594302  29.2893671
 44.2873280  27.5417170
 43.7156721  28.9724962
 47.3083028  27.7951773
 45.1569498  28.6878461
 44.3892673  30.1186832
 44.2216493  30.0895927
 47.6252772  28.3293147
 45.1307048  30.2138500
 47.7770683  28.6229029
 47.5736196  28.1985946
 47.1348332  29.1489709
 45.5998106  26.9568659
 43.7171755  29.7856848
 44.7541811  27.6330943
 45.9478426  30.3857002
 45.1213556  29.5005599
 46.4627640  28.0643065
 46.0851618  30.7667402
 43.3307255  29.4275891
 45.2787941  29.5080653
 45.9388493  30.3766952
 43.7046304  28.3309408
 43.8433647  28.2717812
 45.1780186  27.8470735
 43.3364172  29.4648589
 47.8616378  27.8104468
 45.5952264  29.5488534
 46.2471265  30.8687328
 46.0782744  30.4555131
 47.0572545  29.9386521
 43.6477966  30.1103269
 46.9666245  30.9789929
 46.3429342  28.2025504
 45.0681639  27.0315006
 45.8884940  29.7808925
 44.1729202  27.5990032
 43.9954432  28.3586256
 46.4698485  30.2813017
 47.9284169  27.7120723
 46.9651420  30.8105387
 47.3911430  29.6239050
 44.0727405  29.6080253
 45.2153399  29.5275783
 43.7702868  28.9935098
 47.9765451  27.7262415
 47.8944019  28.3822826
 45.7792297  28.8461877
 46.9522057  28.6717640
 45.7497971  28.7382707
 46.1461625  29.0258134
 43.9281351  29.0539633
 45.3481951  27.1562553
 44.7271028  27.8040266
 48.0201482  27.7369608
 46.8298173  30.5977328
 47.7346903  28.6209960
 47.0625084  30.1492872
 46.6463292  28.5396352
 45.4901672  27.7443949
 47.0690291  28.0489208
 46.3889598  28.1233809
 46.4980814  30.6346439
 45.8470083  30.0465537
 44.4788756  28.6433370
 44.4737612  27.2701047
 46.1985232  27.9501185
 45.4899560  27.0658664
 45.0863044  30.5727645
 45.7066602  29.9267625
 46.1450280  30.2989626
 46.8868191  30.1184823
 45.4948575  27.9595023
 46.2351301  27.4717644
 45.8638364  27.5850600
 46.3174773  27.8569556
 45.9516721  28.0638977
 44.5447179  29.0448765
 45.8922975  29.4246899
 44.5990154  29.0258306
 44.5534057  28.4565428
 46.0117273  28.3298488
 46.7249375  27.9638522
 44.7262867  30.3609772
 46.8871093  29.7974624
 46.8864403  29.0972734
 44.2642089  29.5393433
 44.1187702  27.2578697
 44.8282730  29.6961752
 44.4930131  28.0381318
 46.3579482  29.4631815
 45.0914184  29.4248050
 44.7886893  27.2970662
 46.6472882  27.2640360
 46.7581577  28.9523906
 46.6057405  29.7954629
 44.6704360  27.8539749
 44.6613679  29.0108707
 46.1382439  27.4170473
 45.2875206  27.4573528
 44.9772246  30.2919926
 46.3050375  28.1866204
 44.1463659  27.4707536
 44.7317993  27.4789727
 44.4238324  27.9342023
 46.9135698  30.0688950
 45.8490237  28.8909447
 44.7529826  28.9380580
 45.0661705  28.2757142
 45.9580538  29.8207243
 45.8888706  30.2513812
 44.0087007  30.1394254
 43.5825818  29.4342474
 43.9015806  29.1670249
 44.8718801  29.7116503
 45.3266567  28.6164743
 45.1265617  28.9898611
 44.8611435  30.0904029
 43.1404114  29.7502947
 45.9323828  30.3839498
 44.8830548  28.0781405
 45.6307570  30.5931600
 47.8591035  28.5678899
 45.4136407  27.2064701
 44.6532216  29.0741310
 46.8733002  29.3382193
 44.6942853  30.4191237
 47.2869674  29.8892950
 44.3443429  28.0504715
 45.2204880  29.7752589
 46.3079758  27.5890048
 46.7630333  29.6089596
 44.5325349  27.7003886
 44.5661433  27.9050640
 46.6720377  29.1635232
 44.3279192  29.5886376
 43.4331269  30.0271864
 46.8273281  27.6953202
 46.8721281  29.6124162
 45.1912848  27.2900497
 46.3806878  29.9245203
 45.6386013  29.1006582
 45.3156601  28.7844934
 46.4386652  30.5431861
 45.2122952  28.9442743
 46.2187310  29.1048358
 46.0477030  29.0785667
 44.2773686  29.7238804
 47.1514652  28.2065582
 47.2433611  29.4581199
 45.4566859  27.2998248
 43.7476977  30.1063230
 45.6380201  28.0243872
 44.2362786  26.8502096
 44.3221039  29.4962383
 44.8956964  27.5820078
 46.6320874  28.5347716
 45.2249884  28.9651295
 45.2731777  28.8446837
 45.3722809  28.1167377
 46.5841878  29.5599948
 44.4401327  27.0853815
 44.3148958  27.3715676
 46.6508922  27.4112804
 44.8738072  27.5525789
 44.2688109  28.0571988
 45.4717033  29.3091984
 44.3849270  30.3648103
 44.5243899  26.7003672
 46.1064223  29.0030292
 44.1674361  27.1574465
 45.6150186  30.6104866
 47.9124947  27.6809962
 47.7591480  28.7925613
 45.6014917  29.1927667
 43.3991095  29.1597733
 46.2689508  29.6728164
 45.3529538  29.4004883
 44.5228154  30.2473472
 45.8639102  29.5356365
 45.7973783  27.3268737
 44.9005473  27.5443577
 46.6916840  27.4200800
 45.5022448  29.6494084
 45.1671431  27.9871713
 45.4861143  29.7441750
 47.4179604  28.6801318
 44.9723860  29.4601184
 43.9686476  29.3328273
 44.9278524  29.7121381
 45.6164200  30.5739311
 47.9892432  28.1228790
 47.3369143  29.3705174
 45.2592828  28.2851486
 46.5292845  29.8194160
 47.0993724  27.7105387
 46.3838014  28.7684538
 45.5662883  27.8493339
 45.0792677  30.5565200
 46.5621191  28.2983082
 45.7802702  29.0191129
 45.8661582  27.8541052
 47.2460241  28.1847339
 46.0162993  28.6229334
 46.2261271  27.4141909
 45.1453750  28.7950763
 47.4814803  29.2664081
 47.2859854  28.8638245
 44.2840635  27.7786006
 43.7955580  29.3861217
 44.9775501  29.3608663
 44.9672356  29.6397956
 47.3576968  29.5423355
 44.3679878  29.3881970
 46.3222885  27.2604989
 44.9199144  27.0363413
 43.9582027  30.0437482
 47.7210213  28.9283317
 47.7442030  28.2456995
 46.8952695  30.5894334
 44.1284012  28.3943715
 43.7399104  29.5067752
 46.2682750  28.5153845
 44.1441350  29.8284171
 45.3010586  29.6448750
 43.6010181  29.5140012
 47.0242094  30.4519912
 45.2813582  28.0033239
 44.3841479  27.4028220
 44.2314486  28.6630308
 44.0016504  28.8504270
 46.8176313  30.4852614
 46.5643953  30.5431498
 45.4810066  29.5468733
 43.9639439  27.9792680
 44.7829863  27.6662971
 47.2870399  29.5257028
 45.8349966  28.0369591
 43.6135791  29.5589668
 46.3953056  30.0316442
 44.8698185  30.0342705
 44.6131169  28.7257781
 46.8905799  29.0232414
 44.4618338  30.3141358
 44.2250104  30.2911982
 46.7211106  30.6134321
 45.0206140  28.1718200
 45.2019905  28.6692385
 46.0992289  28.2875012
 45.7519023  27.0385431
 46.5653604  30.5174714
 43.7205078  29.4832393
 45.8878635  29.4916811
 46.4597057  28.4105961
 46.7445082  30.7710375
 47.4066563  27.8540268
 43.9426917  27.6630375
 46.5939430  28.3131530
 46.1387231  29.5511664
 46.4975410  29.5156675
 46.2801133  27.7492095
 44.6533901  28.9106806
 44.1751624  27.7493390
 45.7148321  29.0941076
 45.6931327  28.6842120
 47.8297734  27.9994010
 44.4287691  29.4893792
 44.7214190  28.6754007
 46.1674099  28.3105189
 45.2328882  28.5423141
 45.4885276  28.9900334
 45.6690063  28.9277449
 45.9623682  30.7289709
 46.8032168  28.0795747
 45.1216454  29.8565491
 46.9746372  29.4112733
 45.2515224  28.2057381
 47.8304115  28.0950947
 45.0625875  27.6366095
 44.4877326  29.9701616
 45.3622873  27.9685219
 44.9308319  27.8435090
 46.4656323  30.1001251
 46.5519473  30.5794645
 47.2080575  28.9033569
 46.9073695  27.8970951
 44.5204181  29.5626249
 45.4338449  28.4105985
 44.7354237  30.4116216
 43.4088795  29.6040092
 46.5010868  30.0157954
 46.0089010  27.8218740
 45.4098249  26.9571190
 44.3360550  29.9076940
 45.3241256  29.7388796
 48.0218269  28.0473002
 47.5209456  29.4518076
 45.6863555  28.7627954
 46.6202311  29.5140588
 46.9649208  29.0571517
 46.6909666  29.5866631
 46.7771690  30.9575015
 45.2038349  29.4246028
 47.4985480  27.8503129
 43.7407666  28.2301820
 47.2974308  28.2297171
 44.1901309  28.7451896
 46.1678832  27.2517392
 45.1796330  29.5358111
 47.1863682  27.7220383
 46.2144112  28.8823600
 45.7548229  28.8146723
 45.7168995  28.9295795
 46.2107903  29.6671552
 45.0565207  29.0775556
 46.8461110  28.6820237
 44.8125789  28.7352301
 44.6397873  26.6884493
 45.1774729  30.3137710
 45.7853390  28.6132001
 47.2660590  29.7765337
 45.6911555  27.6311376
 45.3974743  29.7197801
 46.9647129  28.2269480
 45.6867751  28.4376664
 44.0292047  28.9115427
 43.7156122  29.5165849
 46.5673413  30.4908605
 47.0071263  30.7077324
 44.0640734  28.1512263
 46.9710547  27.7835103
 43.0992476  29.9372167
 44.1689728  27.1921543
 45.3162503  29.8702071
 44.8855555  27.3731222
 45.0269795  28.8546115
 47.6346667  28.1857241
 46.3134672  30.2390117
 47.6089237  29.0422462
 43.8102479  28.7590676
 46.0296699  29.7703857
 44.8352417  28.8084598
 44.8410996  30.4637777
 46.7681823  27.7174938
 46.6185882  30.4002350
 45.8740045  27.6863722
 43.4325262  29.7817105
 44.8685253  27.4780670
 45.4722106  30.3375739
 47.7367577  28.1483570
 45.2633271  30.1882952
 45.0585975  27.9700893
 44.3943235  29.6349861
 47.0636480  30.1530506
 43.7953720  29.2765234
 44.7717934  28.2464426
 46.3578168  27.9250939
 45.5563406  28.3353665
 45.7362463  30.1530225
 46.1889294  28.4242778
 44.7071782  28.0235049
 47.2525625  29.3976751
 46.3327548  28.1315407
 46.9528139  30.9578915
 46.8118732  28.2394881
 44.3953542  27.0846685
 45.5755806  27.8266138
 44.6130904  28.9045453
 44.2925262  27.5622634
 47.1137731  28.5640366
 45.6101422  27.8121009
 46.9054439  29.3766503
 45.2273476  29.6542850
 47.7798786  27.6295825
 44.2992290  28.4520663
 45.2606278  29.7419298
 46.9967806  28.4077549
 46.7281892  30.7047723
 47.8322703  27.9088223
 47.4273671  27.4644278
 47.3161988  28.8721831
 45.6152728  29.5112494
 46.4543729  27.9780327
 46.5453165  29.1591665
 46.7890243  27.7551245
 43.5412672  29.6482445
 44.3893999  27.2232382
 44.8978385  29.2787592
 44.5331110  27.9680200
 45.4662933  30.0298520
 45.7124629  27.6869473
 43.5899506  29.4927723
 44.2258509  28.2411532
 45.3202562  28.9625069
 47.2389353  30.0315311
 44.4309297  27.5898919
 46.2003760  30.3275259
 46.3283615  27.3500153
 47.7542825  27.8769346
 45.5363508  28.7257828
 46.3930689  27.5135726
 44.7492102  28.2776446
 46.3309368  28.8294371
 46.4455594  30.1583095
 44.3948870  29.2072351
 45.0135688  27.2526238
 45.0265387  26.9305501
 46.5822613  28.0662641
 44.0724145  28.0300259
 46.4907812  28.8770691
 46.2517695  27.1558665
 44.1222936  27.2860663
 45.2581881  27.9538257
 43.8199380  28.6159936
 46.6756579  29.6961277
 44.5880478  26.9253591
 46.6531565  27.4269039
 44.9964069  29.7939643
 45.0193178  29.1475387
 44.9396395  27.5876012
 45.9653021  30.6093048
 44.6677540  27.8835061
 44.6254679  29.1112446
 44.9560597  27.2467639
 45.7425848  27.5094981
 47.6742815  27.7980505
 45.5419681  29.4972492
 46.1475190  29.0150175
 47.0597822  27.9688521
 46.9756606  29.7250396
 46.1070857  27.4019998
 44.0113625  30.1408130
 47.6203551  27.6500570
 44.3928026  27.9078304
 46.9800558  28.5719121
 46.9986379  27.8698248
 44.9356493  29.6922827
 47.4358588  29.6597218
 44.5013771  28.7974612
 47.0830060  29.7240515
 44.0067840  29.0791758
 47.6642361  28.2959774
 44.1960395  29.9021667
 44.3919443  29.3246605
 44.1104847  27.6294083
 47.4281534  29.5341272
 47.1961861  27.9090797
 46.6257279  29.8049778
 47.4494587  28.9385630
 45.4117950  27.9377164
 45.8940542  28.6885091
 44.3878038  28.1306464
 44.0662792  28.1850554
 44.4308515  26.8859876
 44.3928617  28.6225444
 46.7912238  28.7730992
 46.1554762  27.6721898
 45.4457610  30.5517386
 47.3543997  28.1670712
 44.4891167  29.4660130
 46.9484098  30.1351330
 44.7910742  27.4818451
 44.7468942  30.4297453
 46.6786768  27.7524658
 45.5822566  27.5676790
 45.7423492  28.2983942
 45.1054191  29.0278791
 46.5759202  30.1875613
 47.3312820  28.0940450
 45.8537117  29.4976921
 45.6001626  28.1617404
 45.4508281  29.2561286
 47.3923158  29.2150923
 43.6822523  29.8935145
 45.8433831  28.2398840
 45.0756969  27.6751551
 43.7343731  30.0336783
 47.5571140  28.2048957
 46.1424247  29.9735317
 47.5852280  28.4545930
 47.0211211  27.7688743
 45.9095975  29.6978481
 47.8398538  28.3497940
 46.1764613  27.2005886
 44.5588968  29.1559203
 45.5572479  26.9824489
 46.1197534  30.1099983
 45.9071218  29.4943487
 47.6675725  28.4134232
 46.5477693  30.8247445
 44.1452060  29.3580020
 47.3636607  29.6231845
 45.7743356  30.6273351
 45.4523973  28.5564648
 47.1166044  29.1492161
 44.9727913  30.4052178
 46.8717680  29.7894864
 46.4578832  29.6870447
 43.8090353  28.8254957
 46.9975852  28.6914656
 47.4310411  29.3990239
 46.6371769  27.6752264
 46.7371648  29.1993700
 47.5305556  28.4860439
 44.0472087  28.6438904
 43.9457408  28.4443485
 47.7450891  28.8084858
 45.8744669  28.3545125
 44.9683137  29.1768131
 47.4793068  28.2751595
 47.0303220  30.7041595
 46.3251195  29.9372673
 45.0625790  29.3205837
 45.4454650  26.9941637
 46.4072036  28.9866480
 47.1205157  29.6755827
 43.4707820  30.1087059
 44.8911728  28.0096964
 46.1031345  29.7817358
 45.0633473  27.3033029
 43.9881377  28.6221503
 46.4197735  28.5986290
 46.2894693  27.7610173
 47.9715750  27.9315356
 46.0718726  28.5136337
 45.3757862  30.4934972
 46.1944087  29.5666416
 44.8219080  27.4902051
 44.9777308  27.2891772
 43.7824747  29.8196322
 45.9609297  30.0091382
 46.5614010  28.9261800
 44.4385460  27.0542600
 43.9403345  27.6026859
 47.5707179  28.3488897
 45.5815676  27.1077732
 45.4962288  30.2033308
 45.2378496  28.8710146
 47.6102651  28.2831742
 44.9433025  27.7428116
 43.6069233  29.9053582
 44.4142817  29.4925507
 46.1665203  27.5949760
 46.1222750  30.4013312
 44.4198907  29.5364770
 47.3042057  28.9787917
 44.5767792  28.8105093
 46.9040903  30.8916800
 44.9364697  30.2065782
 45.6274343  27.6327176
 44.9828699  27.5134614
 44.4385362  27.0579590
 46.6902780  28.0223382
 46.1175223  29.6757431
 43.8907191  30.0181973
 44.3425058  29.7157263
 47.1709790  30.6325277
 45.5388583  28.4055298
 46.9759760  29.7769177
 44.9936780  27.8424592
 43.2648528  29.6566158
 44.4103666  28.6020138
 43.9068701  28.4123869
 45.6119611  27.7635755
 45.9533016  28.0336177
 45.5674857  29.5401884
 45.5074882  28.2025623
 47.0419855  28.3928713
 45.9158918  27.0441352
 44.0484614  27.7543644
 46.6173205  30.6050358
 44.2067672  29.8629601
 46.4597186  27.6244944
 44.2013071  26.9885110
 44.1088828  28.6064721
 45.5517897  30.6005864
 43.9248969  29.5637033
 45.4245801  27.2832985
 43.8485269  28.9712810
 46.1642417  30.6836725
 46.5134922  30.1809104
 45.1158776  30.0053333
 45.5673010  27.4239173
 45.8591481  27.1681581
 44.9831098  27.9143209
 44.8560774  27.7198271
 46.1200695  28.0030216
 43.5889141  28.9992760
 44.5528222  29.8621135
 44.6824584  26.8324521
 45.9597637  28.6260874
 47.0250092  28.0942179
 47.3475273  29.5251874
 45.5430283  28.9725906
 45.7034085  28.8694919
 44.3905102  30.3657959
 43.7189684  30.1299083
 44.3962026  29.4099633
 46.1735694  28.9372557
 47.5436208  27.8466386
 45.8026868  27.6176969
 47.1714851  29.0155429
 45.1277015  30.0756332
 44.6226175  28.1278871
 43.4193366  29.1463686
 46.9440448  27.3482841
 47.2602526  28.5274409
 44.2761617  29.4294712
 46.3393291  28.6370928
 44.6237590  28.5079464
 44.9496496  28.6119427
 47.2940564  29.7862630
 45.8283556  27.9669910
 47.9517162  27.9525773
 44.3063520  28.9818272
 45.6895895  29.8689391
 47.0600393  27.3504208
 46.8074023  28.7424275
 45.3870366  29.8605169
 46.8751193  29.7489501
 47.4034752  28.5175518
 47.2932324  29.1681526
 44.5250463  29.6051660
 46.5392367  29.6675813
 44.3700188  29.9145260
 44.4146650  28.4006004
 44.5891099  27.0780221
 43.5564748  29.9917692
 46.6654770  27.4139472
 44.4581722  30.1855094
 44.5724442  30.3518496
 45.0972579  29.4680710
 46.0255085  29.5409401
 47.0778711  29.1330287
 44.2064815  28.3303892
 46.9624046  30.0564817
 46.0803045  27.1340904
 44.5239047  28.2822726
 47.2632804  28.9220729
 46.4286494  29.1451065
 46.3947327  29.2477766
 46.9182607  30.9487528
 44.2186959  26.9364482
 45.6505107  30.5212546
 47.5802975  28.4575886
 46.9008044  30.4589403
 43.9653388  29.9528128
 47.0541676  29.9773822
 44.4105729  26.7771859
 47.3606253  27.9478118
 46.6733927  30.4134801
 46.0696543  30.5086873
 45.9177897  28.8916775
 43.5867608  30.0400630
 46.1461534  28.2204135
 47.6746381  27.8123910
 46.6146705  29.0206159
 45.8709863  30.7372484
 45.0486269  28.6531691
 45.7429301  30.4281469
 46.4921140  29.0302049
 43.9586583  29.5239882
 45.7431736  27.6237966
 45.6582784  27.5751417
 45.2534534  30.1308106
 46.7324396  27.8745669
 43.7235222  29.9939116
 45.7804269  27.8193133
 45.1521150  28.7960369
 43.7472231  28.9764943
 44.7598810  28.3008774
 45.5727937  30.4619526
 47.4089978  27.8567564
 44.0996535  28.1528484
 47.3842789  28.9337533
 45.2716977  27.6614105
 46.4922394  30.2808884
 45.5771428  28.2215270
 44.5934087  29.7183305
 45.6850805  27.4839211
 48.0355038  27.6213243
 43.4870156  29.9263137
 43.9055082  28.5722850
 47.2218040  27.8667576
 47.3987019  28.9163783
 44.3403365  28.2303008
 45.8394208  29.1478580
 46.6347368  29.0931654
 45.7712331  27.9644134
 47.0018932  27.4364163
 44.1619311  28.5102122
 47.0128935  28.4645376
 46.5868230  29.4437898
 46.1799901  28.3594316
 46.8828170  30.7608303
 46.0309981  28.9359823
 43.4212440  29.8642145
 46.2828821  28.2107655
 46.5612678  28.0653797
 44.3392637  28.7117348
 44.7418061  28.2269857
 45.8522442  30.7784857
 45.4067021  28.0454232
 44.2572979  28.4491493
 47.1687566  29.3773187
 43.4996552  29.3827700
 46.4154138  27.8300569
 44.3284290  28.0866730
 44.8818294  29.5571904
 43.7883567  29.9237259
 44.4221998  27.7723906
 46.6482147  28.9245267
 45.6851955  27.9858898
 46.8381784  30.3557347
 43.3398344  29.9106626
 44.4771572  28.6811445
 46.4722886  29.6643758
 44.3627099  27.3122680
 45.7002774  30.5592180
 45.3563348  28.3901694
 47.3432399  28.3573739
 45.0523105  28.3256750
 45.6611806  28.2202428
 44.7698797  27.6002663
 46.3577903  27.3798747
 46.9244122  30.6621779
 46.6377110  29.7130692
 46.0604952  28.1013858
 44.1405059  27.4654965
 47.0826115  28.0837240
 46.6173603  30.1081294
 47.0338125  27.6733275
 47.2668267  28.5941351
 45.8797518  27.5666809
 46.5450391  30.2319862
 44.6317426  27.5780978
 44.6981081  28.1701817
 45.9403060  30.0324360
 46.7339436  27.8857541
 45.3402180  29.5510998
 45.7436662  27.2377093
 45.3589251  28.5756567
 44.8545197  29.0250038
 45.0840937  27.0202703
 46.6635267  29.2332054
 43.7188580  28.5889456
 46.1576995  30.5963954
 47.9336875  28.1753306
 45.8146095  28.3266792
 46.4803030  29.5903757
 46.2527026  28.9425543
 45.6442942  28.4257513
 44.8322440  27.2769952
 45.4845520  27.7448585
 44.6317564  29.5734442
 47.0256464  28.0971907
 48.0558545  27.9465970
 45.7580769  27.0248914
 46.2549991  27.8008331
 47.4460402  27.9918837
 43.4576608  29.3367822
 45.6519689  29.1656208
 47.6056566  28.0048949
 45.7818537  30.0478280
 44.0728462  28.3986286
 45.5087114  30.4812967
 45.7434393  28.0374992
 46.5620438  28.1876266
 44.4215362  29.2759688
 45.8158555  30.2105288
 45.1808443  30.0513129
 45.8487052  28.1965728
 46.8029062  29.7441220
 45.2688050  29.5190400
 44.5899236  30.2847228
 47.0676169  30.6829772
 47.4302211  28.8872316
 46.5891845  27.4588123
 46.8331621  27.3573744
 44.8898058  29.0235434
 47.1065476  28.4078612
 46.6603614  30.5542181
 44.2695315  28.5822848
 45.2621965  29.9811446
 46.7115741  29.7640271
 46.8764703  30.3777345
 44.6081999  28.3006606
 43.8033244  29.0322341
 43.5029085  29.1618611
 46.1478158  30.6186511
 46.8742637  27.5730047
 47.2854004  28.6200154
 44.1606484  29.7338798
 43.7129343  29.8764886
 44.0944220  30.0004011
 47.3417533  29.6063726
 45.3891749  27.1176272
 44.0088852  27.9946258
 43.7142689  30.0288892
 45.5791980  29.8115244
 46.6493693  30.2333308
 44.8988770  26.8904594
 43.7467116  28.3403805
 44.1844576  29.2538828
 45.9592792  27.3909306
 44.2400866  29.0693439
 47.6374543  29.0057149
 45.3997068  27.9310126
 45.5283623  29.1027918
 46.1367469  29.3685042
 47.9869370  28.1482076
 44.4895893  27.1724989
 43.6027605  28.6431457
 46.0781729  28.8775969
 46.1152671  28.5289121
 46.8638874  27.9660553
 44.0213805  29.8295458
 45.5630085  29.9789272
 47.4271466  28.4994126
 47.9303728  28.3399700
 43.5407842  30.0683703
 46.5327141  29.1269563
 47.4970610  28.0894949
 47.1960164  30.4363273
 47.3371935  28.8902191
 47.1552560  27.6750404
 46.1322333  28.6066001
 44.5508752  27.7520039
 45.4595477  29.6871112
 47.5514253  27.6767281
 47.2673231  30.0839140
 44.1226388  27.2940710
 45.5566728  27.2302289
 45.2691523  29.3909206
 46.0398273  27.8271270
 44.6015005  28.0650246
 45.9803927  29.2217832
 45.6762382  28.3431586
 44.3883656  27.0253731
 47.1968426  28.9076348
 43.9293038  29.8832960
 44.8965901  30.3012019
 47.1717104  30.2805366
 45.3513488  27.0330992
 44.6881058  28.0492710
 46.0003856  29.1269131
 46.4152126  30.3871143
 44.9338531  26.9702480
 46.7389380  29.7958376
 45.7792686  28.9490598
 47.3845900  28.2977372
 44.3501750  29.2854121
 44.8549552  30.4475389
 45.6990988  27.2154142
 47.0738430  29.6903740
 46.0526445  29.8361562
 47.9911926  28.2009796
 46.9989416  28.3011378
 47.4844709  28.5755449
 47.0129751  27.4929130
 44.6630487  28.2946969
 43.8021793  30.0790832
 44.1079249  27.7962795
 45.2305555  27.8422677
 47.3787560  27.9494923
 44.1111235  27.9238598
 45.1314187  29.3995570
 48.0020915  27.8814292
 45.3822701  29.7771232
 45.7285629  27.7437353
 47.1149941  27.9399875
 45.0013192  28.6658211
 45.3898523  30.2981133
 45.3923760  30.5016168
 46.3158175  29.4352409
 44.0551281  30.1479477
 43.9121387  27.7405204
 46.9240048  28.9866718
 46.0996508  29.0139019
 43.6927803  29.6547326
 47.3331097  29.9854334
 45.6799456  27.6542970
 46.3214158  28.1835035
 45.9189111  28.3588679
 44.9104910  29.0979710
 44.4339668  26.8605857
 45.0585199  28.1402202
 43.4651067  29.1754298
 47.1528394  29.3642858
 46.2063254  28.5936658
 45.7606690  30.1346371
 47.2851232  29.4044950
 44.6927068  29.0712454
 44.0737925  29.2340153
 45.4058572  27.8254279
 44.0421957  29.0714109
 46.8013700  27.5089254
 43.9069527  28.5376045
 46.1566837  27.9334184
 43.5951464  28.8870099
 44.3237195  28.0990943
 47.0114182  29.8343190
 47.9185188  27.7498023
 44.4653990  29.8511853
 46.6229351  29.1541010
 46.8927286  28.2701243
 44.3067104  29.1350679
 45.8554476  27.9379711
 46.8286723  27.9290115
 47.2327836  28.4406011
 46.1534997  28.8622510
 43.9168408  28.4870967
 47.5517570  29.3195299
 46.6336219  27.6658250
 46.3609401  27.2439112
 45.8439763  27.2099400
 45.1814698  28.8415709
 44.5442053  28.9013382
 45.5198798  27.9043100
 45.9888235  30.4074024
 47.1798444  30.4056931
 46.2875776  29.0699368
 44.9425161  30.2330307
 43.3569125  29.9124956
 45.0005065  26.9173492
 44.3524466  30.1204369
 46.9856435  29.0889379
 44.4376016  27.0094986
 45.0288869  29.7036738
 46.9850161  30.0318952
 45.8092564  30.7397653
 44.2874369  28.3100083
 43.8791335  28.3785622
 46.0956328  28.1809394
 45.8107819  27.4758136
 45.3268332  29.2425080
 46.4225064  30.4199845
 45.9051791  27.8109597
 47.4042764  29.6655319
 46.1852633  27.3220218
 44.7407712  28.6804910
 45.6349962  27.9256156
 47.0141992  30.9705295
 46.0449989  28.3515659
 48.1346997  27.7247309
 45.4909311  27.7993664
 44.8280092  26.9045308
 46.9282444  28.7172667
 47.0782623  30.3829265
 45.0297976  29.0475817
 44.3286294  29.7917878
 44.5976055  28.4968904
 47.1979126  28.8269565
 46.0395856  27.4608165
 44.2911525  29.8499754
 45.6758362  29.4481090
 44.2795103  28.4110598
 47.1699180  27.7238857
 46.4307109  27.3181816
 43.8470856  29.5127274
 43.6406167  29.9709744
 44.9149002  28.7260041
 46.0366923  27.2665764
 43.7781184  30.2228847
 46.3051986  30.8925162
 44.5400193  30.3323737
 47.0764108  29.5838409
 44.8775185  26.9100097
 47.1394641  27.4232726
 46.2896709  30.0198336
 46.2525209  27.4141688
 47.9366185  28.0953481
 46.8098337  28.2569544
 43.6385749  30.1720613
 46.4187026  28.7012627
 47.5173791  28.9087844
 44.7564689  30.1363626
 47.2971234  30.0504241
 46.4054441  29.0492656
 44.4240074  26.8350127
 45.3154544  28.4077960
 45.8032112  29.5384363
 47.7345048  28.9029429
 45.6466100  27.2205459
 46.0546890  28.7247247
 47.0207984  28.9355079
 47.1071055  28.5775327
 45.4798650  30.5259340
 46.8561905  29.1088535
 46.5891217  29.4046914
 47.1382847  27.4443682
 43.8330773  29.0455129
 46.0741979  30.2542166
 45.8199672  30.2012762
 46.3265251  29.4795140
 44.4827685  29.3884604
 44.4621333  26.7427944
 44.7188869  27.5785465
 44.8180269  27.7527437
 43.7390237  29.8931154
 45.8474126  30.7630113
 44.7271271  29.8202349
 47.4651598  29.1955945
 45.5405756  29.2231151
 43.5482620  29.6374685
 44.8046632  28.3376990
 47.5601692  27.7918355
 45.0583578  27.0264665
 44.5883011  26.7041066
 45.1645534  26.8398635
 45.3336106  28.9510631
 44.3283315  29.8378893
 46.7209524  28.9704663
 44.9547680  29.5018891
 44.5259768  28.1614032
 46.1086022  27.3693420
 47.1086198  28.5737007
 45.9096907  29.6257702
 46.9761154  30.6364363
 44.5432266  29.6529821
 46.5297059  30.4040092
 44.7589465  27.2188062
 46.4533018  27.8748159
 43.9971726  28.0108949
 44.7239348  28.6117709
 45.1368166  27.8775659
 46.5831505  28.4900159
 45.5789048  30.1132166
 44.0815005  29.6508591
 47.3941621  29.5413566
 43.9839841  27.5338662
 47.5003321  27.6102515
 46.6469264  28.9530022
 45.3353084  30.2863502
 45.4611131  29.3717235
 47.4969277  28.6074986
 43.4379317  29.4837805
 43.2860425  29.6071733
 46.8761657  30.6158410
 45.9609299  28.6702982
 45.0163931  27.4188042
 44.1610227  28.8759670
 45.0464967  30.3140595
 45.8113695  29.0134599
 46.3085356  28.6536927
 45.6563068  29.0933706
 44.0453466  28.3048248
 44.4074818  29.7898560
 47.1466486  29.0912278
 45.9355639  28.4928044
 46.5080084  30.3120286
 46.3583320  30.1791826
 43.5001709  28.8540406
 47.6821235  28.0904301
 46.0810937  30.6100924
 43.6454019  29.3653437
 47.7684123  28.4212219
 44.0698091  27.5841116
 45.2863114  27.5724559
 44.0437629  28.2500046
 44.0259555  28.9987357
 45.0230031  30.4436069
 47.2598321  29.5222082
 47.9354170  28.2735110
 45.7403242  27.9061042
 44.9399498  28.4830208
 45.8548576  30.2716541
 45.9383581  28.1054500
 47.3566558  29.9675697
 45.3577523  27.2761550
 44.4700004  28.3378315
 45.7956326  27.5073848
 46.2972621  29.1670548
 44.8372561  30.0741356
 45.2263703  28.1279861
 45.0276028  27.4307045
 44.9980087  27.8593258
 44.2413307  29.4821246
 44.2356689  27.8554400
 44.8169472  27.6987982
 44.6007200  29.7832083
 44.5647633  26.9843916
 45.6965544  29.8261798
 46.5104922  30.3577800
 46.1102747  27.4603461
 45.0197676  29.5756545
 46.9134311  28.3622767
 44.5578868  28.0581184
 43.7495487  28.5534521
 45.2968366  27.2689002
 45.3929865  26.9761998
 45.5221247  27.9725689
 46.5166200  28.1163252
 46.7820259  30.0047765
 45.5125867  29.0339654
 47.4110616  29.8271738
 45.6414822  28.0041319
 46.5290923  28.1309249
 44.7727070  28.1755119
 44.3523641  29.4822972
 45.5507492  28.3757808
 47.5277266  28.0192401
 46.1532324  30.4686382
 44.4359453  28.1312017
 43.5491444  29.4485156
 46.6289675  28.8841397
 46.9994918  29.4278638
 44.9543216  30.5441401
 43.8146164  29.9103126
 44.9160051  29.5026632
 45.9393657  27.3632333
 44.1827956  29.5843162
 46.0483326  29.2897290
 45.2441158  30.5161739
 47.0881193  28.7996188
 46.8198018  30.2021517
 44.1867481  28.3835332
 44.9600649  27.0631637
 46.2347139  30.7314656
 44.6770978  28.0608590
 44.8828853  29.3425890
 47.7314707  28.1376935
 44.0700657  28.9814481
 46.3204165  27.5337340
 45.5797194  29.0624464
 45.9602646  29.2294989
 46.8261832  27.7475571
 47.2759131  29.8414291
 44.8956579  29.7879343
 46.8303545  30.8887871
 46.6150489  28.0595291
 44.9978697  29.4798434
 46.2233331  30.1993696
 46.8791734  29.7914739
 45.3601132  29.7502043
 44.7726307  28.9935287
 46.7475121  29.1580677
 47.5052954  28.9242720
 44.0949959  28.0895162
 43.8787792  30.1239630
 44.4115531  29.9588282
 47.0645688  28.3258409
 43.8691368  28.3977531
 44.0431146  28.9521921
 47.3752419  28.2197354
 46.1029478  28.0658895
 46.5783023  27.4467865
 44.2680586  29.1161890
 43.7450669  28.2346603
 44.3178765  28.7494246
 43.8094668  27.9564888
 44.3474106  26.9552656
 44.5493355  30.2833894
 45.8877542  27.1263398
 45.6085349  28.0887551
 44.4921289  29.0726344
 46.6742918  28.8709414
 47.8597246  28.1120894
 44.7416512  27.6175877
 47.2383057  29.6517800
 45.6769559  27.7156461
 46.4979710  29.0062031
 45.6246035  30.1634452
 45.9426883  27.7108205
 46.7410427  30.9366782
 45.6937188  28.7887859
 43.6791593  29.7267573
 45.3671202  28.3511860
 45.0720174  28.7351267
 45.9270633  29.5154520
 46.5962107  28.7959254
 44.7412924  28.4910684
 46.2025189  30.5295586
 46.8421502  31.0344598
 44.1642016  28.0175368
 43.8132726  30.1077124
 46.8131625  30.2794435
 44.1797682  27.6467853
 46.7466035  28.7459711
 46.0080682  30.2188990
 44.5246414  28.7037522
 47.0993615  30.6366282
 45.5878137  28.7056064
 45.3554669  29.6478999
 46.4815370  30.8638678
 46.3469006  27.5276658
 44.9062527  29.0553046
 47.1781287  30.2737789
 45.4811003  28.4050300
 45.7275968  29.1994480
 46.8807107  30.7312631
 43.9597515  28.2841963
 46.9511149  30.8336368
 44.9835088  29.3755226
 46.9589047  28.4197026
 47.2155720  28.8962764
 47.0147085  28.1993444
 47.1361522  27.7156793
 47.7228422  28.6172609
 44.7638528  27.3442618
 45.5296799  28.4680525
 43.5205557  29.6865534
 45.5683455  30.2189236
 44.7653380  27.8777457
 44.8224582  27.4095478
 47.2905301  29.9618403
 44.7381928  30.0642059
 44.4717382  27.1361405
 45.6949263  30.7030983
 46.9353311  29.9952215
 46.7671631  28.2305332
 45.4629940  29.6315410
 46.6045950  29.3869653
 47.5507056  27.8175666
 45.8393836  30.6071327
 47.7891408  28.7820836
 46.7873781  29.0231141
 44.6350590  29.4191491
 46.7194324  29.6911429
 43.7788372  29.3519955
 45.6089252  29.5614513
 47.3543383  27.4272646
 47.5930485  28.2051702
 43.7268115  29.2657955
 46.3707771  28.1697447
 46.1532589  30.7034439
 47.2623992  29.4338813
 46.5079451  30.4754212
 47.3258421  28.9845143
 44.0175103  30.2342809
 46.7170587  27.4594894
 44.8855780  27.9398610
 45.1784229  27.7691976
 45.6264218  28.5779470
 45.8019370  28.0955487
 47.5859909  28.2631706
 44.8784698  29.7194098
 45.5835266  28.2008887
 47.1658212  30.1657969
 45.4030190  28.2998455
 46.6896331  27.9877053
 45.1518934  27.7813483
 44.9665175  29.1084083
 44.6296800  30.0046700
 47.2653581  27.8481115
 47.6999938  28.7781560
 43.8817381  28.0659404
 46.4817928  30.6448314
 44.2621842  29.0947379
 46.0577974  27.1150902
 46.9269928  30.7322832
 46.2708308  28.6810812
 47.0160661  27.4164825
 45.2171616  27.7553565
 45.8317926  29.4161796
 44.4159202  30.3704189
 44.4137938  29.1415076
 46.9459257  27.8300935
 45.6645722  27.8043541
 44.3068102  27.6178825
 45.2038137  29.8336420
 43.6611009  29.7082236
 47.3851969  27.9255482
 44.7629458  27.8913140
 43.6159222  29.8659673
 44.8903030  27.3814473
 47.0204269  28.8419704
 47.3996362  29.1900795
 44.1278785  27.5217326
 44.8815274  26.9360008
 47.2537172  28.2904419
 46.2505316  28.5649907
 45.5400260  27.3244340
 47.5162039  28.5176752
 44.7146026  29.9918517
 44.0762040  28.2928269
 46.3658826  28.3808583
 43.9430538  29.9356795
 45.1085460  27.8510568
 45.8013483  27.4462295
 45.0173628  29.6870449
 44.2411804  27.9081018
 45.7922521  29.9741482
 45.1609225  27.4664092
 45.2961248  28.0359696
 44.7741991  29.6563111
 44.1705726  30.2675288
 44.9082916  28.9526995
 46.7632330  27.4520182
 47.0589394  28.2376941
 45.8148801  27.3301174
 45.4463095  28.2616400
 47.4657856  29.7258796
 47.2057761  30.1121581
 47.5523164  27.9021853
 46.2277188  30.5703767
 45.3486317  27.7383303
 45.5477314  27.1810815
 45.9838445  28.3704520
 44.1417947  28.6008401
 47.2841306  29.0436247
 45.7135499  27.0615157
 47.1613664  28.6188378
 47.2200937  27.8767213
 44.1327295  28.1494137
 45.9235805  29.3637513
 45.7325060  27.0185227
 46.8433878  27.5336548
 45.5873782  29.7246906
 46.7797257  30.8459438
 44.0650764  29.6641118
 43.2673366  29.7537060
 47.8698197  28.0653738
 45.5367059  28.6712454
 44.4085042  27.9184907
 46.4565384  27.6221024
 47.9571931  27.7032516
 45.2995026  28.9720186
 47.5043182  28.7124049
 46.3384648  28.2560069
 44.7805254  30.0296197
 44.8938812  28.9439104
 45.7810171  27.5214513
 44.4458049  27.8377604
 43.6704549  30.0261738
 46.6596654  27.9649291
 44.4997704  28.7150748
 47.8033279  28.5339387
 44.3923533  26.9273750
 45.5721894  27.1937358
 44.9978798  28.7172177
 45.3480490  27.0723039
 46.7849800  29.0865330
 46.6617931  30.5157324
 43.1826571  30.0344106
 45.7167551  30.5830005
 47.8760654  27.8000658
 46.8035341  29.0945287
 47.6466160  27.5284533
 45.7209756  29.7990854
 46.2403367  28.5066196
 43.8293213  29.4430559
 46.2335723  27.7515461
 45.1398970  28.5575777
 45.3400119  27.5284258
 44.6948995  29.9569756
 46.6618166  28.6685396
 46.3111909  29.3497100
 45.5900588  29.7097305
 46.0189270  27.2612213
 46.1515973  28.7120201
 44.6784728  30.2960877
 43.8276090  28.8653259
 43.8693353  29.8872534
 46.1890526  27.9470148
 45.5755255  29.1180987
 44.4815250  30.4088724
 43.4857415  29.2696519
 44.7418082  27.5513942
 44.4039414  28.1888905
 44.4791363  29.2160651
 45.6188248  28.8093226
 45.5108239  29.2310007
 47.6022794  28.8494393
 45.8900407  30.2397153
 45.0050699  28.0460486
 46.4313316  29.6517558
 44.0325357  29.3255091
 45.1506031  30.3294520
 44.7869339  29.7794619
 46.1242714  30.3759397
 44.7231023  28.3731229
 47.3110308  27.9665113
 47.0201127  29.0730881
 47.0277337  30.4043552
 44.7244802  27.2858816
 45.0214054  29.8588555
 44.7468239  28.2352865
 47.7029413  27.5408228
 47.2274481  27.4456453
 44.7202557  29.3942424
 45.9546493  29.5572706
 45.1081235  27.5474200
 44.5129137  29.6228173
 44.9614964  29.5169980
 46.8381626  29.2021846
 45.0621898  30.0487939
 46.1273369  29.8605764
 43.9035681  27.8030499
 43.4395114  29.3555761
 45.1884755  27.3463087
 43.7779512  28.4898048
 46.4808188  30.9459455
 45.6462984  28.2604699
 45.7549425  29.6002946
 46.8527824  29.6999742
 47.1615750  28.0852338
 44.7780784  29.1720769
 44.9074772  28.2906474
 46.2612812  28.1064261
 46.9698185  28.7703651
 45.1475012  27.5707897
 45.5213889  29.7486943
 46.5389876  27.6266838
 45.8494352  30.2239839
 47.7054111  28.0160677
 46.3730044  30.2688612
 47.3457627  29.9806326
 43.9714828  29.4974158
 45.6709420  27.9253121
 46.6086302  28.9083964
 44.2590496  26.9920124
 46.3216537  28.7243425
 46.6981704  29.7452494
 47.4324951  29.8292232
 47.0977709  30.3059936
 44.5518706  28.6288837
 43.6491662  28.4679090
 47.2074387  28.5977433
 43.8664845  29.3373869
 45.2903482  28.9271435
 43.2949714  29.3879047
 45.1199930  28.4671471
 45.2848849  30.5781589
 45.6288234  27.7858698
 43.9780901  28.2597758
 46.7768058  30.1869482
 45.9063849  30.3104941
 45.8795944  29.1328093
 46.5035036  30.8789109
 47.4161850  28.1262418
 45.6845140  28.8415435
 44.2895104  26.8381174
 46.9396329  30.0865540
 45.0943698  28.4472268
 44.2683599  28.6288915
 46.2074716  27.1678051
 45.1611501  30.2900761
 44.2176191  28.1666676
 45.7248349  30.2174364
 44.3044559  28.2551945
 44.9501111  30.4319825
 46.5557353  29.3548898
 45.7858571  28.4249253
 43.5014652  28.8533052
 44.2247581  27.5526627
 45.1905064  26.9168425
 45.7152579  30.0559609
 46.1585525  28.8048987
 46.6445273  29.8803063
 45.7320132  27.1367529
 44.4069195  26.8037365
 46.8661255  29.6548639
 46.2026414  27.9911478
 45.7337465  27.7882680
 46.1822588  30.4980811
 46.2222273  29.2608227
 43.8772206  29.1404789
 45.5387224  28.5527222
 44.8328047  27.1526285
 46.6665448  29.7088511
 44.6087783  28.3660297
 44.4213080  29.6569899
 46.0299774  29.0936236
 46.2625095  30.5314047
 44.3650631  29.1149139
 45.6705542  27.5969906
 45.7121089  30.1187906
 46.2342497  30.6550148
 46.4843295  28.3216601
 44.7181135  29.4415676
 45.8944375  29.5451732
 45.9316780  29.6588846
 44.6674796  30.4710758
 44.0851780  29.7229970
 46.3065264  27.3167071
 43.5847783  29.9006002
 46.7491487  29.4564791
 47.3854613  27.9572952
 46.5702794  30.5596422
 45.3945163  28.1182181
 46.7002142  27.4695298
 46.2006579  28.1964165
 45.5267978  29.4629555
 43.3554859  29.7993202
 44.8084026  27.6102107
 44.4656373  28.5702858
 46.9352957  27.8517967
 46.8185256  29.5651425
 45.9531146  28.7459229
 43.9010078  27.7109119
 46.5616936  27.2480448
 46.7683796  30.3176301
 47.1741004  27.7169371
 45.3749660  30.6465202
 44.5464433  28.6012493
 45.4223027  28.5979515
 45.8740282  27.7213977
 47.6707529  28.8633096
 45.7443086  30.0953506
 44.9363368  28.0877214
 47.1882110  29.4792189
 44.9431930  30.0532438
 47.4098699  29.5563884
 46.7622787  30.5926330
 43.6059589  29.9475398
 45.1106803  29.1936361
 45.8779468  30.7684171
 45.2671381  29.4829723
 44.9721801  28.9378255
 46.1847371  30.1738334
 43.1650738  29.9484218
 46.7155431  30.5859110
 46.4788068  30.4825162
 45.0537218  30.0027271
 46.9427927  28.0530571
 45.6119280  30.4446342
 46.0109508  27.8499275
 43.5779028  29.1603517
 47.0340361  30.1311976
 46.8375030  27.8264568
 45.9455012  29.1063877
 47.9218931  28.1674964
 47.4450551  29.4335171
 44.1251611  28.3110098
 46.9733966  30.1390228
 47.0986300  28.8949068
 46.6079325  29.8665400
 44.3032519  29.2371636
 46.5085203  30.5097284
 43.4358275  29.6026123
 46.6838854  29.5568724
 44.9964368  27.1595370
 44.6806347  30.0757721
 43.7239719  29.9779176
 44.2500638  30.0316073
 46.4452398  30.0182217
 45.3555319  27.2019501
 47.0987311  27.7003161
 46.3349730  27.2712123
 47.5643616  27.9981855
 46.3319110  29.1298628
 44.0582564  30.2574295
 43.9329352  27.6287463
 45.2685678  29.3045456
 43.6351450  29.9590175
 46.2818542  29.0799061
 46.0769256  29.6504888
 43.3977529  29.4826508
 44.2377020  27.1703890
 44.4522908  27.6699337
 45.9078558  28.5366543
 44.7176461  27.9236997
 45.4241438  29.4578830
 45.0465813  28.4272391
 46.3805586  28.5435579
 43.9964616  29.8932989
 46.3895736  28.2626405
 45.9308458  30.4491425
 46.4087265  28.8122656
 45.1094445  27.8397926
 44.4347400  30.1505296
 44.4119662  26.6312937
 43.4541665  29.2148670
 45.7070928  27.5775711
 45.7839070  30.6469240
 43.7281646  29.8243964
 43.6571294  29.0224401
 44.6461753  29.1518298
 45.2278405  29.1190749
 44.2660554  28.6537591
 46.6493354  28.8362063
 46.5610087  28.4512035
 45.3423862  28.7482052
 46.0208330  29.4652298
 44.3837268  27.2447465
 47.1580687  29.6118960
 46.1131940  28.7438142
 44.0780794  29.1941109
 43.8498500  29.8367891
 47.0955302  28.6526989
 43.8153967  29.3452328
 44.1319190  27.8743196
 45.1416809  29.6397793
 46.3558625  27.6137435
 44.0817290  27.2781159
 46.2908889  29.3037858
 44.0655162  27.7065679
 46.6326521  27.6450342
 43.4348458  29.4093822
 44.5585589  27.5357343
 47.5985087  28.9499900
 47.6921458  27.5664469
 44.8979261  27.0639383
 46.2699258  29.2686693
 44.2746877  28.6826814
 45.8633804  28.7777619
 45.0811316  29.2342095
 46.3529407  27.4499301
 46.6295909  29.7892846
 47.0115671  29.7263611
 43.8987577  30.1054781
 44.6683985  27.0936430
 45.4194408  27.0390294
 45.4615888  28.0857397
 45.6247801  30.0988022
 46.2953030  28.2950574
 47.1788971  27.9920312
 46.2146832  30.6374152
 46.7420340  30.1521063
 47.4413154  28.2590364
 44.6566155  27.2068584
 44.4872016  27.8932822
 45.0391635  27.6055242
 44.0142264  29.6269494
 47.7279852  28.1303623
 46.0487851  29.0015487
 45.6268829  30.3569366
 44.3516507  29.7184876
 44.3800630  29.4702351
 46.9780578  31.0149312
 46.4884782  29.2416466
 46.7064748  30.3566417
 46.4640099  30.8929828
 43.9647636  28.8638210
 44.6418167  28.3806900
 46.1173468  30.1290209
 45.4585513  28.7080964
 44.6609872  30.0129528
 46.1697778  27.4579020
 43.8999932  30.1142306
 44.0951184  27.9826136
 46.5002150  28.9708107
 43.9787254  28.1894926
 44.3502835  28.3752273
 44.3051717  27.7957834
 46.6369539  27.5529461
 45.1736405  27.9235924
 44.7811522  28.5157496
 46.7326351  29.9909310
 43.8840548  28.0921733
 46.8602495  28.5908994
 46.6883661  29.7856207
 44.3819271  28.9665234
 45.1520010  28.9360919
 46.7867614  27.4234178
 46.9904279  28.1509734
 46.8571142  27.4374508
 45.7824496  28.0383024
 45.5635683  30.5832411
 45.5194593  28.7940786
 43.2028389  29.6088397
 47.0143358  27.6322195
 47.0335696  28.8269909
 44.4784755  29.2377062
 44.6046056  28.3139192
 46.7451499  27.3545645
 46.6487697  30.1085986
 47.4957677  29.6023389
 46.7964067  29.1522004
 47.6512019  27.9430481
 47.0066904  30.5305976
 45.0249574  27.4605870
 46.5272308  29.6029050
 46.6393349  28.0580447
 47.1961758  29.7142185
 46.9452838  27.3491349
 47.0118475  29.3176811
 45.6961702  28.6502035
 46.4324817  28.8141867
 46.6563111  27.7150234
 43.5555377  28.7258166
 47.2803069  29.3863105
 45.8070399  30.1835059
 44.0542088  27.4978283
 47.2296085  29.0990833
 44.4351714  28.5675200
 44.0612728  29.9435557
 45.8887540  29.0832592
 47.7182081  28.0275840
 47.7052131  27.7993860
 43.4016079  29.6277675
 44.8933851  29.7479964
 44.2421609  28.0436339
 44.5177044  28.1979846
 44.7288499  27.1107524
 45.0192354  29.1330014
 45.4311498  28.8228436
 43.1219907  29.9029282
 45.1187421  27.4325774
 45.6493052  30.6717368
 43.9137780  29.2234234
 46.5456669  30.3494685
 44.4625054  28.8050242
 46.5679321  30.2065853
 44.3021596  27.8337156
 46.5211444  29.8318480
 45.9960149  27.3029592
 44.7406583  28.5515714
 47.5846893  28.8193169
 44.7313621  28.4982465
 46.9724092  28.9733747
 46.3910380  29.9324649
 46.9431308  30.2202869
 45.4920918  27.9447367
 44.3094185  29.1061341
 45.9398946  27.2183696
 43.8511340  28.1773705
 48.1241208  27.7873371
 46.1938667  30.8093014
 45.5604766  30.5581628
 47.4566372  29.1076586
 47.4847970  27.8645803
 47.1935475  28.0290834
 46.6515150  28.1044266
 46.9976046  28.7657557
 44.4511339  27.9364515
 44.8874567  29.7397174
 46.2606544  30.4632072
 45.0195590  30.1496255
 44.3324692  27.9558998
 46.4359479  28.1627269
 47.2347860  27.9168163
 44.1094447  28.2998349
 46.1287843  30.7560707
 45.2805558  27.5631336
 44.6093178  28.5853935
 44.1651068  29.2016108
 45.9006475  27.7419789
 45.3735906  26.9753566
 45.3409764  30.1114431
 45.4912773  27.8207656
 46.1009780  27.3659327
 46.1703539  28.1176300
 44.8545593  29.5910562
 47.0006685  28.2101911
 45.7652819  29.7856094
 43.8552979  28.9190168
 43.8724737  28.3052190
 45.1481412  28.4140131
 45.3223429  26.9618778
 45.0621131  29.8108359
 44.1907690  28.8909270
 47.2504701  30.4047019
 44.6712399  28.4668959
 44.0284010  28.3884937
 44.7485399  29.8226678
 47.0912706  30.4318405
 44.7025584  28.8467752
 47.2955646  28.4811366
 46.4531251  30.8166785
 46.5004673  27.2860711
 46.0936130  27.5543937
 46.0879234  28.3199181
 47.6320583  28.5647928
 47.8087393  28.2396434
 43.4625680  29.9479100
 46.8421369  29.5553817
 46.3768532  28.4953877
 46.6974781  28.0298445
 44.5422724  27.4527855
 45.1009488  30.2639449
 46.3358473  28.0989555
 43.4466429  29.1848347
 46.0189706  29.7656949
 43.9657348  29.1253969
 46.6743394  30.4944013
 45.3047727  30.3870966
 44.3830516  27.0696882
 43.8789679  28.9733621
 46.5015331  30.5744007
 46.1949470  30.7743253
 45.8560221  28.6071004
 43.4125806  29.2737112
 46.9846817  28.0683832
 44.3310698  29.9259084
 46.4738564  27.6430434
 47.8454790  28.0363645
 46.4770353  30.1942677
 46.3833137  27.2323959
 47.8745304  28.5241159
 44.0653379  29.3099734
 44.1250281  27.4098326
 44.8187030  27.2853213
 46.6875165  30.8769560
 46.8754817  28.2288160
 46.5609632  28.5513221
 45.7710065  30.1253379
 44.3127708  29.6917159
 43.8019142  29.6729353
 44.3456863  30.3681721
 43.9756136  29.2333355
 48.0373323  27.8094195
 45.9702250  30.0269032
 47.9831508  27.9328930
 46.7124887  28.9615200
 44.9634445  28.7778722
 47.1140457  30.3325252
 43.7220515  28.3832947
 44.7218427  27.4647939
 47.3637432  29.4127146
 47.6239536  28.6878901
 45.5305721  28.6823922
 44.7427071  27.9619526
 44.1718954  27.8868547
 45.4727071  27.4781685
 46.6665109  27.5363234
 44.6897095  28.2094278
 48.0788067  27.6814550
 45.9325737  28.1012571
 44.5732473  27.8256710
 46.8010673  28.2840183
 46.6046999  30.2719183
 47.5228658  29.0111836
 44.5780625  27.2986949
 45.2010947  29.9824827
 45.7257620  27.9914602
 45.6789314  27.0436483
 46.0594472  27.5219969
 46.8180823  29.2071002
 45.3998235  27.4522905
 44.7641282  30.1344685
 47.5074281  29.3571464
 43.7982528  28.5999551
 43.5368882  28.7858399
 45.9021491  30.3736541
 44.2974006  27.8788347
 45.1564749  29.5775480
 46.1989275  27.4943850
 44.9881142  28.4176087
 47.2614084  28.4515158
 46.3906937  28.5379703
 44.7562888  28.6298497
 44.8932989  28.3887616
 43.8750370  29.8123316
 45.5862753  28.7101367
 44.6612845  26.7918522
 47.5172172  29.1155515
 43.4310763  29.6796984
 43.0741250  29.9808408
 47.2370301  30.2491656
 45.4380002  29.7865847
 47.9805844  27.9781337
 46.5749522  28.5350965
 47.8322150  27.6415185
 44.9898496  30.5080113
 45.3577954  29.0283134
 44.1467650  27.6494968
 44.7096882  29.9455435
 44.6880748  26.9716188
 46.9078835  27.3363926
 46.3017512  29.5387961
 45.8369822  28.6295220
 45.9149563  27.6689060
 45.3637235  27.9590123
 45.7938892  27.7173563
 43.8143079  29.4381918
 44.4828375  29.5103240
 44.8472137  27.9778596
 44.2555763  28.0509651
 46.1299182  29.7502859
 44.5673290  28.0090202
 45.8081061  29.1705231
 47.6604936  27.8805628
 46.8310944  28.7162840
 45.7831439  29.4474133
 46.8059514  28.3195183
 45.9052107  28.2053891
 46.8648523  27.3486735
 46.0641137  29.7306662
 45.5322312  27.2987936
 47.5812355  28.7081976
 45.2516311  30.3229152
 45.9840692  28.3244112
 46.7577562  30.9648067
 43.9936107  27.8489398
 46.3221386  27.9539269
 47.3305602  28.3743554
 44.8117237  27.6752420
 43.8587438  28.8138223
 46.0279297  28.4442978
 44.4378808  27.7332825
 46.0940173  29.1221940
 45.2440937  27.3185320
 45.9753515  27.5048423
 47.0758146  28.3419095
 45.3213479  29.7293169
 47.3019845  29.3769616
 46.4893833  28.0959893
 44.8653262  29.8533980
 45.6977149  27.9389160
 43.6652189  28.4881300
 44.0474494  29.2201259
 44.3681782  30.0691043
 44.4473474  30.3524181
 46.2278859  27.2240830
 45.8121263  28.3794178
 47.9448562  28.3311619
 43.6954234  29.9089881
 44.8790677  28.4425129
 45.4766884  28.4261015
 45.2333621  29.5410078
 45.6793619  27.7246162
 44.1530094  27.3523935
 46.4575351  29.8541639
 44.9931706  28.8539216
 45.5617681  30.2932641
 44.7169414  28.4669328
 44.8351791  29.9690113
 44.8935272  28.9354200
 45.3339221  29.1700833
 45.2214893  28.5740284
 46.4976806  29.6873436
 45.1422317  27.9937059
 43.7151255  29.1476818
 44.6112405  26.7049106
 47.8295662  27.9486537
 46.4540355  29.6516097
 45.5962623  28.0739992
 43.9732687  28.2710223
 45.1851012  29.2262349
 47.7690199  27.7336271
 45.5599054  28.1450900
 46.0224040  27.1362151
 46.7618242  27.4003419
 46.7867572  29.1765866
 46.1291573  29.8368313
 46.8642573  30.2780787
 43.9346255  30.0359601
 46.7026912  28.4861539
 44.0878087  28.2544501
 44.5634478  26.6768093
 44.6205296  26.7197043
 45.6660647  29.6051581
 47.2862380  27.9883755
 46.4089485  28.2519297
 47.7977527  28.3406314
 46.6814803  29.8708991
 44.3046162  26.9896575
 44.5798779  30.0801567
 45.9371835  27.5956018
 45.2312867  30.3657512
 47.2345115  30.2210277
 44.2919546  28.1989258
 45.9514832  28.5649743
 46.2984286  29.9238002
 44.6619517  29.4503145
 45.6480939  28.2013794
 47.5558590  28.7119889
 43.9406949  29.3006661
 45.7032334  27.6840001
 47.0965946  29.7422361
 46.0401421  29.2761304
 44.5240962  29.7940240
 47.0736138  29.2348870
 44.9982379  28.9434280
 45.9477210  27.7392496
 43.4888025  29.8794056
 44.9376550  30.3190436
 45.7878173  29.9689905
 44.9817886  29.5736555
 44.6473958  29.3905610
 44.7469847  28.0346015
 46.9588132  29.7251234
 47.6882287  28.3873871
 45.5791663  28.4463472
 46.3465303  28.1024672
 44.4937338  29.9088381
 45.1769209  30.4129459
 45.0462888  28.5609766
 46.8719569  29.1813479
 43.8299144  28.6573756
 46.0861067  30.1214098
 44.4547707  28.7783002
 45.0259859  30.2570655
 47.5763969  27.5138972
 46.7846877  29.7099430
 44.3910950  28.7998674
 46.1951239  29.9231056
 44.6358853  27.2727161
 45.4921455  29.4374614
 46.9318933  30.0439304
 47.3944204  27.7994535
 44.0622306  29.9823951
 43.6622741  28.5154034
 46.8823840  27.8735421
 47.8412972  28.1925384
 44.3560054  28.5850083
 46.9601818  29.7938335
 44.2414677  26.8503621
 45.7613451  27.9366017
 46.8161480  30.7583699
 43.3105509  29.6733196
 44.0655128  29.5656711
 45.4646826  29.1461186
 45.1727713  27.8166181
 44.3440019  27.8570381
 47.1050573  30.6468358
 46.1058666  28.7655677
 46.1463776  30.0773630
 47.7616926  27.9071932
 47.8813967  28.0387135
 45.0764272  27.4277199
 46.4921286  29.6397699
 45.8304835  27.6043007
 46.7458391  29.5694893
 47.5996528  29.3322813
 45.9287233  27.0677383
 46.7701877  29.4594188
 44.4795690  28.5307903
 44.8815675  27.5479586
 47.4073789  29.0739742
 46.8980282  28.0389520
 45.7986965  27.7663220
 45.4889598  28.8976952
 45.4245717  27.9155337
 43.7156718  29.2160307
 43.5964440  29.5884776
 43.6486075  29.1712636
 46.2950587  28.8360429
 44.5558611  27.2843062
 47.1931041  28.2262405
 47.3471297  28.2885522
 47.1017075  27.8317636
 46.9017702  30.3369463
 46.1066735  29.4172759
 46.9673598  28.4546964
 44.7419195  29.9133615
 44.6123085  27.0282982
 46.8501538  28.3050275
 45.2735427  27.9562293
 46.4458890  28.7777225
 45.1369955  27.6100596
 45.8696949  27.8057295
 47.3596783  27.4476541
 45.0977628  28.4651636
 44.5239771  28.6968603
 45.1237133  28.0985329
 44.8431826  30.4614939
 46.0369145  29.2472848
 45.5117288  30.5186896
 46.2982592  27.1975858
 47.0516443  30.8694367
 45.6538266  27.0657794
 47.0470368  28.1867777
 44.8019375  29.3086020
 43.7744603  29.5421382
 44.7820576  26.9005456
 46.3594791  28.9080483
 45.8912073  30.4968355
 43.9767703  30.2595766
 47.4212438  27.8107536
 45.1430439  28.4476185
 45.6552468  29.2765902
 45.7211405  29.3455466
 44.4009330  29.9864771
 44.7253147  30.2560047
 46.5956384  29.7801239
 44.0445412  27.8866705
 44.9389626  28.2251916
 46.8009682  28.5711210
 47.6198652  28.7126092
 46.2214703  27.7843046
 47.6146344  28.2130842
 45.5824025  27.6236523
 46.7195295  27.9234876
 43.5599665  29.4489680
 44.5117831  28.9171562
 47.4783628  28.3292882
 47.9960406  27.7409334
 44.0227622  27.6534812
 44.3624660  26.6960994
 44.4033713  29.9202419
 46.2946268  30.5918026
 44.9948086  27.3794897
 45.3326907  29.7035794
 46.4936418  29.0987755
 47.1154984  28.4919112
 45.7579335  27.7240831
 45.9824495  28.1772826
 45.3381702  29.9033837
 47.0689143  29.8134962
 45.6049119  29.4013349
 45.7074590  27.2373823
 45.8388230  30.4428835
 45.5238746  27.8357713
 46.2046565  30.7177061
 45.6499539  27.1422338
 45.9071487  30.7317823
 47.0458825  28.6463346
 44.6714628  27.2750571
 44.6369032  30.0836724
 46.9157874  27.3667683
 45.6489782  29.5303436
 46.9434702  28.8373097
 44.4397551  29.9272429
 46.0549296  29.2364240
 45.4379087  28.2848627
 46.5151164  30.4675232
 45.6700409  30.1614015
 46.2973107  30.8827890
 47.3283787  27.9196700
 45.4505719  30.0644909
 46.0260351  28.6339900
 45.6132304  29.5788366
 46.5661969  28.9449765
 46.5156692  27.2519920
 44.3582845  26.7799316
 45.9426877  30.3233600
 47.9190321  27.9332672
 44.0654797  27.5083620
 46.9036117  27.7037288
 46.3891579  29.6843741
 44.6127208  29.3111509
 45.3735353  30.5236912
 46.3720553  30.6326539
 44.2604162  29.0688899
 45.7359846  29.7131559
 44.6557383  30.4592383
 44.7727030  30.3000452
 44.4706747  29.6273159
 45.4075065  27.0112005
 44.5454298  28.6870181
 44.0444190  28.8128883
 47.1229575  28.3301022
 47.9919422  28.0628514
 44.5721997  28.2832509
 46.4192844  30.3384910
 44.1051917  29.9346759
 45.6600731  27.5087667
 44.8363951  30.3468471
 43.6850492  28.2988438
 45.2420691  28.2210731
 46.6526089  29.7093402
 46.3103304  29.2810812
 45.9970475  30.5733427
 45.6838403  30.6016292
 47.9107214  27.6294325
 44.3823251  27.1996699
 46.7622839  28.6560874
 44.7935201  28.7243246
 47.1115938  28.4575988
 45.7704971  29.8348415
 45.3600266  30.1929156
 44.5462311  29.7895725
 46.0509538  30.3518528
 44.7046410  29.6296304
 43.4192672  29.2790841
 44.0501468  27.7700532
 46.3722742  27.6678264
 44.6211597  29.7512136
 43.3564341  29.4044949
 47.1585991  27.7636058
 46.8050688  29.8980310
