355.4304721  35.3886770
355.1672398  34.4709426
355.9640504  35.6854804
354.2331025  34.8548422
356.0389171  35.1624290
354.2218159  35.3741423
355.1722266  34.7317094
356.2975915  35.0846384
356.2337139  35.3484002
354.9026336  36.1987778
355.2385890  34.3567281
354.6981775  34.9369963
355.8585598  34.8514509
355.3351270  34.9030609
354.0171337  34.9581321
355.3157952  34.5130369
355.2473767  34.1170494
354.5897992  35.4432595
353.8541484  35.0520217
355.6094553  35.3995894
354.5229473  35.0408788
355.5783119  34.5209769
354.4913909  35.3165270
354.0881449  35.1009300
356.2620932  35.1081903
354.5596203  35.8681440
355.5182795  34.9314390
354.8952808  34.8821226
354.3997879  34.8093136
354.5798735  34.9807459
355.3130347  35.4200296
355.1769695  35.5577166
355.0616265  36.1977407
356.2677123  35.1581508
355.0204135  34.4293229
355.4133108  34.6702475
354.8178878  34.4046587
356.1328643  35.1149219
355.0536645  34.7388875
354.2181174  35.1560610
355.4534853  36.0701120
355.0157164  35.1391983
355.0926315  36.4795939
355.5041704  36.0265994
355.3150925  34.2099405
355.3788449  35.4785324
355.2193046  34.9477587
355.4094885  34.4853091
355.3984086  34.5171453
354.4424609  34.9313204
355.4838273  34.6403186
354.5723659  35.4991083
355.6265832  35.7877459
356.2604300  35.4598687
355.3695271  34.2784662
355.2435348  34.0740177
356.1219459  35.1700895
354.4005746  34.8743775
354.5021229  35.1012154
354.5352192  35.0092733
356.0986217  34.9081889
354.9117839  34.8818043
355.5843835  35.1226830
355.7042849  34.8080148
354.9993219  34.2451011
354.5561095  35.5934834
355.1662474  35.7262266
354.9826735  34.9587722
354.6256248  36.0538051
356.0211302  35.0607659
355.1509991  34.0965983
354.1870894  35.1212360
355.1737409  34.2663151
354.3163157  34.7377295
354.9114079  34.7013320
355.8245142  35.7222509
354.3520991  34.8757172
355.6580692  34.8224861
354.7745539  34.7042227
354.5754694  35.4511295
355.4492580  34.7923206
354.8805713  36.1147051
355.2878211  34.4214284
354.7328133  35.1564560
355.2314999  35.1222334
354.5662762  35.5480524
355.2702622  36.2545553
354.7313799  35.3876387
355.7522437  35.1005968
355.6909715  35.7888164
355.0580499  34.6990411
354.6230552  35.7162540
354.5251319  36.0071267
355.2276110  34.0193549
354.0283574  35.5575343
355.2497734  35.0361191
354.8347564  35.0364651
356.0734128  35.2726578
355.7153437  34.7912053
354.7220515  34.6290248
354.7753506  34.6541329
354.9923354  35.3116936
356.0649586  35.4849044
355.4196650  34.6434962
354.6773055  34.9365694
353.7843790  35.1832887
355.3949944  34.4993091
356.0879879  35.4201682
355.2348027  35.1938633
356.3762359  35.3606052
354.0886829  35.1648722
354.3640137  34.7238632
355.3702393  34.9488187
355.3178998  34.8735705
355.9333112  35.8375127
353.8333581  35.2308957
355.6386162  35.3700248
355.2523683  35.3804382
354.1140155  35.6573664
355.0131359  34.9715445
354.2827842  35.7119618
355.5865673  35.1436413
354.8221429  36.2830274
353.9024388  35.0218117
355.9206086  34.8219263
355.9609398  35.4056076
353.8985493  35.2533643
354.2562431  34.9035381
354.8439012  35.4540960
355.4106522  35.7337480
354.8276671  35.5789298
355.3414297  34.2483594
355.4616479  35.9398557
355.7390406  35.0009980
355.5460733  35.8221629
354.1060305  35.0217781
354.8092147  35.2313235
355.8215717  35.2670277
354.2513540  35.6996682
353.9175361  35.2764494
355.3952369  35.4511720
354.4782618  35.6010416
353.8958966  35.3816715
355.0926216  34.2268009
355.5300988  34.9376649
355.1535161  34.9529682
355.8671052  34.8446846
354.3372510  35.1620087
355.1174846  36.4121350
355.5981564  35.9600904
355.0710464  35.4267490
355.5256050  34.4199772
355.5037577  35.2438638
355.2863263  34.2678736
355.6425147  35.6851887
355.2777325  36.1189661
354.9830965  35.5944630
354.6623612  34.6085852
354.5603901  35.4117421
354.9946959  34.6239916
354.0319792  35.5356203
355.1917237  35.4479384
353.9657003  35.5506311
355.7523022  35.6263151
355.6948108  34.6396942
355.0947879  35.7818999
354.6965683  35.3921244
356.2042919  35.4743155
354.4662062  35.5591222
355.6520185  35.0652691
354.9198512  35.5618414
354.0150316  35.1187156
355.6305289  36.0034219
355.6198318  35.9076060
355.4600564  35.7266389
354.1800276  34.9848529
356.4651142  35.2645951
354.7591065  35.4005326
354.2306932  34.9814209
355.0917183  34.8717943
356.1732413  35.6631912
355.6271211  35.7081931
355.8844349  34.7083896
355.5554529  34.5931734
354.3313444  34.9724939
353.8198043  35.2126395
355.6322285  35.2846552
355.1066871  35.9387899
354.6512453  35.5296149
354.9213811  35.0676973
355.2168195  35.2892955
355.5344568  34.3893387
355.8282057  35.8665832
355.2489920  34.4668215
354.9138453  36.2636615
355.0350203  34.4665691
355.4892283  35.7782792
356.0265630  35.3338172
356.1620301  34.9866385
355.8281187  35.3402004
354.8200632  34.5099082
354.4258783  35.5223589
354.4767693  34.8330008
355.1371346  34.7471397
355.0622513  35.8162048
354.8135341  35.0117755
355.4449201  35.3600144
356.1894918  35.4355657
355.0152229  34.9406594
355.1364035  35.9597767
355.2129466  36.1718558
354.6983080  34.8636814
355.6205016  34.4045166
354.2133860  35.2019185
354.7350075  35.2030847
354.0621226  35.2550071
354.0327744  34.9860114
354.1620060  35.0698697
355.0180161  36.2530749
356.3972928  35.1183858
354.7131796  35.6424725
354.9565652  36.2960264
355.5904014  34.7944730
355.6931350  35.2083820
354.8443950  35.3351470
356.0111069  35.4578807
354.5715524  35.5243850
355.9897701  35.2051214
355.4925039  36.1449057
354.7654363  35.6531358
355.4911651  35.8383708
353.9289882  35.3362553
355.1795236  34.6459552
353.9254375  35.1269103
355.6912556  35.0412971
354.7947517  36.1933898
355.1829934  34.0814252
354.5732913  34.5464297
354.8477049  35.8845061
355.3390987  35.7406714
355.7382540  35.6769216
354.7367957  34.4110194
354.1940141  35.3412037
355.5748615  36.0543923
354.4124713  34.7433421
355.3217412  34.3256309
354.6910022  35.9515928
355.0894577  35.5621549
354.9722900  36.2122958
355.3215520  36.3032900
353.8699118  35.2504796
356.4948675  35.3787216
355.6702902  34.8256110
356.0116345  35.5659620
353.9388226  35.0214846
355.1929888  36.3785752
355.4000821  34.4880378
355.4201649  34.2871890
354.8248974  34.9815950
353.9718317  34.9342141
355.7345481  35.3661658
355.4556180  35.5314462
355.2593640  35.9065099
355.5878911  34.4131511
354.3773487  35.8595432
355.1716046  35.7600244
354.3034230  34.9109461
355.1381702  34.7507941
356.2921956  35.2266136
354.0707642  35.0727010
355.8769398  34.8499816
355.2524106  34.5586275
356.3362072  35.2282941
354.6994881  35.1460631
354.3763971  34.8544511
353.8872341  35.2490044
354.5892675  35.7404441
356.0092313  35.7505471
354.2144189  35.2494484
354.1747363  34.9956306
355.0601378  35.7822280
353.6522568  35.1808705
354.9160239  35.5171870
354.5259285  35.6846715
355.5905673  35.4544223
354.3811124  35.6402988
354.9789607  35.3559288
355.4831000  34.6988950
355.4624431  34.7549695
355.3160099  34.8462731
353.6903066  35.2371845
355.5980277  35.9445899
355.1214735  34.0798300
355.2181143  35.0571110
354.9946759  35.3209405
355.6779253  35.9229355
354.5995560  35.0740328
354.2619800  34.8905119
354.8652483  35.6585653
355.1473634  35.3008141
355.1584628  34.7457846
354.3183041  34.9499307
353.9183471  34.9707173
354.2164987  35.6781847
354.4265598  34.8260685
355.7396827  35.6671165
355.2729427  35.3680532
356.4203141  35.1141100
354.6156757  35.6467233
354.6460980  35.8585711
354.1438369  34.9630025
354.4902651  35.2182697
355.2806649  34.3412505
353.9029117  34.9975060
356.6013139  35.2407128
354.3564237  35.0059944
356.4238239  35.0977490
354.9214078  35.1546518
354.7252604  34.7350692
354.9776686  34.7544763
355.4770826  36.2278987
354.9648977  35.2350135
355.7845263  34.6027443
355.8230758  35.4474541
354.7825239  34.4424264
354.8289848  35.8309884
355.0704350  35.4699138
354.5516926  35.3704688
354.0481592  35.0219360
354.9789078  36.0138531
355.7196270  35.5549827
355.5301855  36.1305330
355.6146665  34.6724590
355.9292639  34.7925803
355.0326945  35.5288023
355.1231678  35.9936363
354.2374962  35.1204358
354.2961799  35.1458453
355.6873214  34.7747006
354.6036995  35.6580748
354.7746376  35.0123428
356.2379363  35.1850438
356.6352376  35.3081467
355.0538885  36.0754177
356.6653096  35.2831116
354.5539542  34.9400121
354.2402122  35.7617526
355.1379520  36.0383733
355.4859116  35.9777777
355.3361481  35.3150422
356.2130109  35.2995412
354.8028321  35.9738716
355.4304777  36.1287280
355.1525002  34.5747005
355.2388908  34.1343201
355.3820979  35.3036030
355.0467217  34.2877014
355.1368849  35.7644606
354.2984399  35.2726176
354.1702086  34.7848711
356.0912933  35.5029909
355.1233896  34.3293297
356.4024165  35.2828638
355.8450382  35.6113827
354.1179653  35.5786941
355.2401862  34.9363656
354.8265581  34.5595427
354.2613476  35.0172595
355.0614120  34.2139324
355.3379813  34.1540429
355.4537080  34.3027251
356.6315476  35.3391624
355.2302989  35.8540530
355.0235668  36.0589045
355.7608040  34.6874970
354.9400376  34.4762461
355.0109675  35.4726694
354.7008020  35.9151216
354.9297059  34.9138943
355.4207956  34.3931735
355.4279010  34.7468146
354.4886122  35.4350946
356.0504373  35.0993456
355.1569616  35.7784553
354.6829854  34.5098530
356.4626606  35.3466900
356.5981305  35.3875828
353.9065535  35.1392243
355.7640134  35.9947221
355.6991725  34.8710088
355.5676149  34.5865274
354.0410686  35.1760414
354.6040669  34.7588835
354.9666489  35.5962952
354.8859133  35.7618266
355.5142644  35.0842672
354.5259711  35.4380774
355.6243589  35.1547118
354.5082923  34.8190784
355.1397764  36.0257759
354.0964312  35.3401065
354.6114956  35.3936788
354.1910251  34.7748897
354.8914988  36.1320818
355.7879825  35.8462567
354.0509816  35.0330237
354.3935111  34.6318039
355.5676677  36.0849865
356.1030602  35.4661754
354.3078187  35.5200883
355.6610923  34.6443966
355.4115910  35.7353119
354.3955860  35.9228679
355.5086628  35.1731253
354.8115924  36.2501194
355.0937328  35.3009647
355.2698695  35.0470529
355.2957174  35.3273126
354.6622907  35.8678232
353.9671126  35.1100351
354.8399043  35.2048486
355.3377566  35.5916321
355.5786792  35.4673579
355.3174427  35.8416789
355.6373673  34.5472883
354.7594917  34.4642747
355.1988782  36.2571066
355.3025106  34.8627893
355.3009819  34.4670684
355.1832169  34.0266618
355.9184118  34.9240597
354.8680815  34.3271758
355.4255604  34.8665257
354.4107677  35.7246673
354.4944024  35.6033740
355.2282026  35.4610329
354.7750108  35.9972963
354.2187525  35.4080157
355.9057828  35.6600624
356.0059497  34.9717881
355.8705079  35.6129532
354.8939986  36.1905943
355.8544554  34.9183588
354.5909803  34.6835606
355.8063630  34.6154739
355.4658757  35.1024522
355.2104075  35.6378491
354.4350204  35.5436206
353.7043686  35.2483174
355.4666319  36.2131962
354.3059207  34.7981507
355.1347413  35.1020093
354.3636108  35.8915287
355.9339308  35.3706796
354.7968365  34.9635629
354.7161273  35.2496844
355.6332247  34.6088505
354.8179651  35.2250359
354.8403682  35.1422075
356.0394439  35.3850525
355.6579995  35.9814423
355.7222874  34.9828414
354.7245930  34.4584059
354.5042318  36.0330641
355.7077226  34.4807772
355.7554656  35.3336031
354.6159248  35.4888366
354.4753381  35.7586179
355.0794222  34.8338948
354.9986116  36.2152661
354.7747872  34.5374780
355.6077527  35.4698752
355.0165341  35.5652443
354.6408558  35.5921756
355.0424047  34.2507301
354.1248812  35.3658941
355.7124343  35.9201667
355.1101922  35.4738264
356.1941990  35.4464300
355.5208418  35.0723904
354.3552222  35.4505421
354.1128611  35.2022090
354.7346067  36.2024888
355.4138329  36.2967616
355.2253568  34.8319773
355.7051604  34.4552278
356.0895809  35.5069150
352.9513309  34.0816193
