136.3171197  44.7402544
132.9560885  44.9208630
133.7247307  44.0002531
132.6748525  43.7109685
133.4653805  43.7174299
133.6899310  44.0396364
132.3697712  43.1215968
132.4838995  45.0163629
133.9826399  44.4366856
133.2040922  44.5066090
134.1503507  44.3283843
133.5643735  44.0721148
133.4748631  44.5034749
133.8388515  44.4839408
134.3787755  43.9463037
134.1971185  44.0100369
133.1439397  43.5572264
132.9417367  44.4010101
132.3142966  43.7030828
131.5308755  44.2528324
133.6020520  44.1784798
132.2632863  43.9939094
133.1354024  43.7858791
131.8346055  44.1191809
133.4547978  44.2846785
133.7396309  44.2765277
132.4847153  43.6300854
131.7817285  44.0839973
132.8334523  43.3629518
132.5175096  43.9608432
131.6669200  44.7188035
132.7723885  43.4693755
132.5035715  44.1612283
133.3989314  44.7174875
132.6261590  44.1213412
131.7867835  44.2405341
133.3962315  45.2202267
133.3062640  44.2966086
132.3384690  43.2123756
131.6991172  44.6463074
134.1890980  43.7966276
132.8017569  44.8853452
131.9320759  44.3485463
132.4512416  44.0904378
132.6944819  44.5563365
133.3981288  44.8882255
133.7555095  43.6575819
132.5155923  45.0250663
132.9705280  43.2703002
133.1495859  43.5759226
131.8507230  44.3305710
133.9396953  44.2351955
132.1288610  44.1643332
132.5751842  44.7674878
131.6032590  44.1005098
132.1701535  43.9188575
132.8765305  45.2036866
132.9146596  44.3566564
132.9110016  43.6883500
132.4974255  44.9697843
133.0117276  45.2874788
132.4290981  43.9275515
132.2122183  43.9440096
131.7062742  44.1225114
132.0663376  43.5282596
132.1948653  44.7042678
133.1022089  44.8854734
133.2612310  45.0905250
133.3070708  44.9809002
132.0218164  44.2299451
134.2233342  43.8705315
132.4931675  43.2857339
132.4538280  44.8377184
132.5012305  43.5368564
131.2306011  44.4864669
133.6288399  44.9774218
133.7385522  43.8142914
133.0132316  44.0111673
132.4129085  43.0977592
132.2300263  44.9441534
133.9365269  44.6658445
133.3682554  45.1312385
131.8659661  44.8034085
133.5708914  44.1809795
131.6416155  44.2209908
133.4092713  44.9463372
133.1802702  43.6521210
133.4347062  43.5027016
134.2023288  43.9475276
133.7195837  44.2295760
133.7491543  44.2765647
133.6336566  45.0109292
132.0605875  43.7978663
133.0420069  43.7070092
133.5246331  43.5771192
133.8418565  44.0805702
132.3314498  44.1079086
133.9246151  44.5410458
133.6123353  44.8615720
132.9835876  43.4966817
132.5194649  44.8188753
133.7635470  44.7565824
131.8588893  44.4481695
132.8072877  43.6042853
133.0357133  44.4486436
134.0825597  43.9890138
133.1078190  44.8208837
132.4091649  43.3510738
133.7193907  43.9767613
131.6388088  44.2684278
132.9838507  45.2340347
133.7297481  43.7469583
133.5888414  45.0150737
133.1303868  44.7013697
133.0609480  44.3869161
132.9306383  45.0270503
133.9366384  44.4573100
131.8880033  44.7759539
133.1989469  43.5480279
132.6969409  43.7347008
133.2192254  45.1329482
133.7602659  44.6260633
133.5034442  45.0699448
132.5977839  44.2077913
132.1776678  44.6258581
134.0558826  43.7346542
132.5576361  44.6698853
132.8482852  44.4422134
133.1966589  45.3191694
132.1415547  43.5998247
133.1541894  44.5872195
133.5365354  44.2623967
133.6202328  44.9348656
132.0302814  44.1542908
133.3974460  44.7150751
132.5643818  43.5975327
132.3745020  44.2865847
133.8322948  44.1680427
133.8903549  44.6626661
133.2975290  45.0674335
132.9291264  43.4168303
134.5211500  43.8723780
132.9969275  44.7079316
132.6673134  44.5810465
132.4324956  44.4335069
133.1837367  44.0533095
133.2897680  43.4942056
133.3123419  44.2150900
131.6074330  44.0465297
133.1494607  43.4124699
132.7378464  44.9468469
132.6047390  43.3546991
134.1058574  43.7881276
133.4159772  43.8682382
132.0684885  44.4365623
132.3470065  43.0394657
132.4312992  44.1443741
132.6889436  44.2302442
132.7025066  43.6689768
133.2459347  44.6760920
132.3271299  43.3385122
132.5373828  45.0718736
132.3984838  44.4267233
132.6614945  43.9053497
132.8245187  43.1981767
133.5882321  44.4192439
132.3628930  44.8698557
133.5935110  44.0927516
132.8041928  44.6453991
133.4355257  44.3496360
132.9619622  43.8726088
132.6240969  43.9500754
132.3545547  43.2637631
134.0557286  43.7801721
132.5299303  43.4185804
132.4274319  43.2123443
132.9164593  44.4637206
131.8870977  43.7068627
133.0393784  45.1577187
133.2413174  44.9266745
132.5980118  44.3863323
131.4406239  44.3498104
133.9282891  44.5541417
133.2692140  43.7415517
132.0698512  44.7402061
131.1710109  44.4996874
133.3928994  44.0160915
131.9215228  44.4734428
131.9500658  44.8464569
132.4826124  44.9956234
133.3128847  43.9896361
133.4838829  43.7999288
132.4313985  43.3952626
132.6401444  43.8689338
133.5807705  43.5201343
133.6523733  44.9726826
133.9624579  44.1606955
132.7306542  45.1548290
132.5418017  43.8900545
132.0991942  43.7857984
132.3834995  44.5415943
132.9003598  44.4501438
132.3403725  43.7696292
131.8734117  43.7102683
133.5416097  43.6675740
132.4193225  43.1319273
132.6292966  44.6007673
133.0726648  44.6131998
134.3063902  44.1811241
133.1681143  44.2678330
132.1670603  43.9363552
133.5679423  44.5934648
133.0470832  43.8396033
132.7382233  43.6360156
133.9912010  44.1482911
131.4255295  44.5044380
133.5213422  44.2656003
133.5616156  45.0664323
132.3600247  44.3698748
132.6382873  44.2344095
134.1199302  43.8182036
132.8947286  44.0185375
133.7253136  44.2035487
134.0064133  44.1873305
134.2793509  43.8666767
132.0994798  44.0178438
133.2477391  43.6856736
132.7736952  45.0034876
133.3473817  43.7007812
132.5570445  43.7162727
132.9036237  44.6438216
131.8030006  44.3390516
134.0784752  44.3785054
133.6517734  44.5676510
132.4154045  43.2076413
133.0132606  44.6126563
132.3030257  43.7528878
131.7989881  44.2298027
133.5039409  43.9025737
133.1720711  45.2140977
132.9045883  44.2043134
133.7094672  44.1553784
133.7424355  43.9138121
133.2927955  44.6769076
131.3074151  44.5912756
132.6335547  44.4157472
132.2565743  43.3955243
134.3617646  43.8426062
133.1036339  43.6190969
131.9703066  43.5826759
133.9759992  43.8483784
132.6327134  43.5762085
132.0392269  44.6934509
131.4818826  44.4978679
132.2952965  43.9735458
132.4473979  43.4116873
132.6777035  44.4829586
132.5203060  43.0835355
133.2368877  43.7119114
132.9710111  43.3616151
133.7790154  43.6828402
133.4802043  43.5714486
132.1859504  44.6828944
132.4945338  43.5419068
131.5338698  44.0703993
132.5378963  43.6221466
133.2253671  43.6078143
133.3123731  43.9491589
132.2961572  43.7186494
133.5716253  45.0102954
132.2380882  44.1655456
132.5287165  44.2523176
132.4506558  43.7288601
132.8362927  45.1329550
132.1034333  44.6614060
133.4046820  44.7916215
132.8856798  44.4511320
131.9299054  44.2346305
133.0898744  45.2930784
133.1524970  45.3198207
133.5332975  43.8634122
133.1073887  43.6315585
133.6420895  43.6698697
132.2676567  44.2698660
133.1780471  44.5903702
132.7922080  43.5569585
131.6320928  44.6496207
133.0015978  45.1642382
132.1226597  44.3219580
133.1418281  45.0265749
133.0644638  44.1585016
132.8461209  44.3598579
132.0515865  44.8804121
132.0054694  44.6397695
132.4382937  43.4129570
133.2666065  44.9384353
131.8899427  44.6458759
131.7558072  44.2587577
132.9864289  43.4843394
133.3309698  44.7562838
132.7491841  43.8759267
131.7965607  44.7572912
132.9863300  43.2856782
134.0361825  44.2690696
133.5478803  45.1352857
131.8858068  44.3818289
132.1550570  44.7579552
133.1028948  44.4798264
133.5417311  44.4659777
133.8296195  43.9725143
133.8025752  43.8049227
133.5682223  43.5731552
134.4099612  43.9963977
131.9514734  43.7092647
131.7340564  44.0539090
133.2150715  45.3326590
134.2358493  44.0917675
131.9148841  44.1300413
133.7908407  43.6619453
132.5950750  44.6910624
131.5773050  44.5920521
132.6022406  43.2543710
131.9675514  44.5439731
131.6451317  43.9288663
132.7552551  44.4749245
133.7760935  44.2949276
132.5007359  44.3050269
134.0717989  43.9413631
133.6889918  44.1176013
131.9180653  44.5699370
132.6668973  44.6233210
133.1196415  44.8635491
133.0706014  43.5163820
132.4424295  44.9887276
133.5179202  44.3228956
131.5030898  44.2731841
132.0083241  43.9677742
131.9527077  44.5719203
133.2458309  44.5179721
132.1937860  44.3864045
133.4759706  45.2313108
133.4924428  44.5415150
133.5273906  45.0460997
132.9360942  43.8055536
132.9416095  43.8022506
132.2690704  43.5850767
134.0491982  43.8218124
132.5378439  43.7905219
133.8731386  44.3652235
133.6158965  44.6836188
131.6097758  44.6851120
132.1304801  44.4950497
132.2269029  44.8600867
132.2525799  44.1918716
133.1457326  44.1659016
132.7542237  44.0930246
132.1908710  44.9521224
132.8812034  44.2967357
133.1166440  44.5503720
131.6374352  44.6211607
132.2727818  43.3567135
133.4418805  44.7500659
132.6478295  44.2826044
132.4245623  44.4315306
133.5923425  43.5125244
134.1529674  44.0852992
133.0077092  44.5849210
131.9146154  44.6811355
133.6320648  43.8390663
134.1937422  44.1095606
132.6301924  43.9634243
133.2225907  44.8050369
133.4507571  44.3652203
132.0011024  44.5311229
132.3974065  43.3735751
132.6394952  43.2524749
131.9227951  43.6711853
134.1388932  44.0528235
132.7578117  44.6980033
132.1973870  44.6346851
133.4390082  45.1434214
132.9806269  44.0929823
134.0021846  43.6356212
132.7936304  43.4346271
133.1880240  44.0007867
132.1602618  44.0023073
133.8441327  44.2912619
133.3047456  45.1144987
133.2274613  43.8183975
132.7487874  44.3757920
133.5347532  44.6004552
132.1909026  44.7296373
133.8005711  43.5510133
132.7705014  45.0639698
134.2807315  44.0684166
133.0515681  44.2099742
134.1811643  44.0690767
132.8059309  44.5385182
131.7708072  43.8266249
134.1193235  44.1754755
134.0562842  43.6866150
134.2159539  44.1090406
133.2977244  44.4054394
132.0960252  44.8162633
133.7291909  44.0965165
134.0856074  44.1803253
132.8797073  44.3775024
132.2062949  44.6540958
133.4135429  44.7091550
132.4755777  43.9752473
133.2980963  44.3369672
133.8518204  43.7201700
133.3192731  45.1631360
131.9041759  44.6412718
132.4614025  43.7320485
132.7977915  44.0771320
131.7679783  43.8778887
133.8478593  44.4660372
132.0118656  44.0646525
133.4708906  44.5709893
133.8754373  43.8477452
133.9233970  44.3936357
133.0917749  44.2985850
131.8695958  44.2236910
133.0275267  44.6724940
133.6100125  44.2419368
133.6864943  43.6176833
131.7624340  43.9439914
133.0838426  44.9533186
134.4610685  43.8111839
133.5098948  44.7843987
133.6093251  43.7830939
132.2504413  43.6625156
133.0236497  44.1045648
132.0849677  43.8235436
132.6371646  44.7874291
133.4397961  44.2067858
132.1972307  43.8722203
132.9925520  44.3105357
133.6631536  43.7781807
133.8605834  44.0503860
132.2737451  43.6557568
133.4968736  43.8376426
134.0244399  44.2832391
133.3607214  44.8475647
133.7992069  44.8528993
131.8525929  44.4154609
132.6666635  44.5359247
133.2979024  44.2696201
131.6287182  44.2736840
131.8577853  44.2943135
133.5072898  45.0799099
133.8084275  43.8688091
133.7154715  44.1890213
134.0700619  44.1401321
131.2836345  44.4158363
133.0334200  43.8016811
133.1652852  45.1675703
132.0905437  44.2817139
132.0434747  43.5630582
132.8281546  44.5868242
132.8715129  45.1711256
131.8897954  44.3482110
132.7949453  43.2469964
132.8659095  43.4108784
132.1859865  43.7060631
132.9816402  43.3469919
132.5443087  43.8478149
131.9419241  43.8657366
133.5713846  44.1113288
132.6837408  43.9473436
133.3029740  43.5496461
132.5823743  43.8296866
132.5381122  45.0343330
133.2761734  44.6366978
133.5704893  43.9062086
131.9768057  43.9946229
133.2572965  44.0877293
132.6321750  45.0022363
133.2995230  43.7247726
131.8080196  44.7005131
131.9653801  43.6903508
132.7692572  44.4939778
132.7684609  43.3629437
133.0519143  45.2271678
133.7985383  44.7265516
134.2026238  43.7607918
133.7385413  44.5800916
133.5298070  44.4870293
132.8815331  44.6767275
132.3417525  44.2555848
133.6776412  43.9574640
133.4106706  45.2823490
133.5397944  44.0865524
131.8065496  44.2914532
133.7770231  43.6402845
132.2825267  43.8967355
133.0531400  43.6732312
133.2329140  44.5428821
133.2262795  44.0662058
133.2039531  45.1164654
131.7151498  44.3308023
132.6775231  43.9320405
131.5203356  44.3722236
132.9341965  45.2383556
132.1246340  44.1072567
132.1288379  43.5275459
133.5898803  44.3683348
132.7685514  43.9912233
133.5894068  44.1288140
132.5033353  43.3383366
133.9291119  44.3174790
133.4068352  43.6196775
132.9204202  43.2629704
132.6063383  43.4096281
132.0196160  44.6186256
134.1861240  44.1333027
132.9524979  45.2089016
132.4679688  44.1061968
133.5618743  44.3295019
133.1349766  44.1117650
132.0570438  43.5707865
132.6867986  44.0385103
134.3555849  44.1209354
132.7121088  44.3946533
133.8576300  44.2243605
133.7957901  43.5735500
132.8099251  44.3022454
133.8068369  44.4724992
132.3188028  43.5247163
132.0275695  44.7137566
133.7045110  43.7195469
133.9167536  44.5238094
132.3925028  43.5312418
132.0868877  44.7343926
132.3665869  44.8471739
133.1067036  43.6233071
133.6238571  43.6466775
132.7041916  43.3668865
132.0503037  43.4592832
133.8761127  44.4128346
133.7337901  44.0560141
133.6196583  43.8670319
132.4110718  43.7712731
132.9510503  44.0130346
132.7634957  45.1305518
132.3452185  43.4784928
133.1658550  44.1266070
132.7538453  43.7125732
132.5771027  44.7616942
131.4018975  44.4639203
133.2325302  44.8665128
132.9100505  44.2300571
131.8554573  43.7624277
133.3011576  44.0753503
133.3546093  44.7415923
132.6397535  44.9342771
132.9729952  43.4680374
133.0934620  44.3590724
131.7012306  43.9923353
133.4412961  45.1986029
133.0080958  43.5815141
132.7966615  43.3877375
132.3689062  44.0062576
132.4285499  43.3648591
133.6690967  44.9782286
133.1189349  43.7579794
133.2916759  43.9561277
131.8274985  44.5414465
133.3724238  45.2053344
131.7840411  44.5774088
134.1974988  43.7818942
131.9698187  44.4163869
132.4180206  44.0287160
131.9837985  44.7470199
131.7387562  44.0724101
132.9422303  43.7757452
132.7764467  43.9686311
131.3113078  44.4117857
132.0527616  44.6433168
133.6933172  43.7233776
133.7266091  44.3447863
133.1050916  44.2657314
132.6280312  43.5185144
132.8226008  43.4642737
132.2918452  44.4215414
132.4289455  43.5665234
132.1862429  44.1506291
132.3137458  44.7572772
132.1216364  43.8148468
132.1341396  43.4706340
131.1870075  44.3956063
116.6028809   3.5943180
117.1253154   1.0025942
117.9065911   1.7639354
118.5048518   1.7682364
117.6919389   1.5146168
118.1560757   0.4334133
117.3871475   1.4343604
117.7291049   1.0288607
117.9623026   0.3046858
117.8545530   0.9657700
117.8019821   2.0389314
118.8201388   1.1354522
118.5108735   1.3139747
117.4544045   1.3923826
117.6173205   0.2625890
118.3761039   1.7320639
117.9074567   2.1360466
117.3162735   0.3163358
117.2982034   1.7171083
118.8624337   0.8146164
118.7084052   1.2022008
118.8067765   0.9413868
117.2294283   0.5438727
118.0900947   1.8700794
117.0907412   1.6964403
117.0781869   1.3637705
117.5678356   1.9939856
117.2799323   1.4713516
116.8968678   1.1994850
117.8544627   0.3835326
117.3853770   1.2539929
117.0783663   0.7655887
118.6683413   0.6379868
118.3430535   2.2368622
117.2589020   1.4211109
118.3370810   1.6419213
118.0879862   2.1370662
117.3984523   0.7058299
118.4938939   1.8039363
117.6523973   0.5772526
117.9800304   0.6227844
118.4364377   1.6864443
117.5415162   1.6015400
116.8626553   1.4947572
117.6384991   1.4986153
117.2045708   0.8356422
117.5726605   0.8262693
118.5700652   1.7282551
118.2181354   1.3409375
117.1294135   0.8053560
117.9849849   0.5886261
117.8339437   1.0584948
117.2295610   1.7016056
118.5031451   1.3518558
117.8926637   0.9686634
118.0557431   1.8861272
118.3562886   0.5623661
117.4754479   0.4809738
118.3574832   2.0954366
117.5424390   1.0644279
118.2193507   1.1125953
117.4551057   0.5802512
117.7830899   1.5280929
117.4210099   1.3653055
117.7049325   1.6579737
117.1042340   1.6726068
118.3324284   1.2788806
118.4614339   1.4598086
116.7723892   1.5001380
117.4144229   0.9026115
117.7128634   1.5681169
118.2220136   2.2673916
118.3178679   2.3508807
117.4799423   0.8761697
117.1712291   1.0072427
118.4917265   1.9638172
118.6072918   0.7424231
117.5499086   0.6721165
116.9766205   1.7031792
117.4776095   1.5169933
118.1687056   2.1525856
118.6427367   0.9850510
118.6279427   1.3758414
118.4790387   2.0097279
118.2016071   0.9139201
117.9450889   1.6991932
118.2061247   1.6466833
117.4119720   0.9351679
117.4558385   0.6671282
117.1592074   1.8241799
117.3644451   1.5850493
117.8934120   0.9960566
118.6383496   1.4119669
118.1625585   1.2178071
117.8696040   0.6347004
117.8026737   0.9111318
118.2073295   2.1249660
117.5116098   1.9037402
118.4118169   1.7662617
117.8244109   0.8262506
118.6727616   0.9664278
118.2587873   2.0902468
117.8501226   1.3097635
117.9373437   1.9771157
117.3998246   0.2907022
118.1283468   1.1542013
118.1310080   1.1889573
117.9471167   1.2864998
117.4584753   1.0958688
116.7585168   1.5556205
117.3097601   1.5846669
117.8619529   1.3373567
117.9240454   0.5559452
117.3694259   1.7475741
117.7205665   1.2224385
118.2390548   0.8942552
118.4194894   0.9023915
118.3526756   1.8546084
118.4366130   1.8655626
118.3157190   0.4597513
118.2342862   2.3294972
117.2521854   1.9435924
117.3696249   1.6722770
118.9095672   1.0348050
117.3045533   1.8320406
117.1051157   1.6304544
117.6762137   1.6540839
116.7843915   1.4825548
118.1674435   1.2901398
117.9699348   1.6545292
118.1091345   2.2766337
118.0135846   1.9206650
117.4534284   0.7780027
117.3369439   1.6280681
118.1693974   0.9286792
118.0098980   1.6151656
118.2982637   2.3891913
117.0794059   0.9809185
117.4964060   1.6545350
117.7487741   0.7075794
118.1627162   2.1319740
118.8444508   1.1677878
118.1861556   0.6693219
117.7216838   1.8645961
117.9918556   0.8729773
117.7490820   2.0449783
118.2863253   1.6254189
117.0255155   1.3149303
117.8401844   1.5839536
117.1483140   1.7372032
117.0234840   1.5267420
118.3119837   1.9087162
118.6883162   1.3558903
117.2206385   1.3695791
118.0273063   1.7539552
117.4208046   0.5384992
118.7699519   1.3625970
117.6528686   0.8371218
118.2790059   1.7327290
117.3523724   1.8779014
118.8703672   1.1360382
118.0157945   1.7158550
116.7970094   1.6519970
117.3215556   0.2551747
117.7177626   1.2412852
118.3668616   0.5182684
118.3961219   1.1822433
118.4925374   1.3696735
118.3605562   2.1722129
117.4330074   0.3717298
118.4365206   1.9653759
117.5988524   1.0193947
117.2240189   1.8492912
118.5404565   1.4702118
118.2747810   1.0249404
117.5826256   1.4141897
118.7135963   1.4269604
118.7607184   1.0064423
118.0712221   1.2339991
118.7875344   0.8488285
117.3268020   0.3704063
116.9814144   1.3866138
117.9189414   0.4277393
118.4595882   0.5439383
117.6062302   0.2180199
117.8895175   1.9978472
117.7199589   1.3428791
117.6204818   0.7943387
118.4078620   1.4561166
118.8299635   1.1424649
118.0125471   1.1960877
118.0648787   1.0965114
117.1922902   1.1255967
116.8735601   1.3800508
117.2564658   1.2501886
117.8270726   1.0457768
117.5351406   1.2407563
118.1378218   0.5171202
117.6313115   2.0409200
117.4160488   0.5753943
118.5885746   1.0572961
117.6779976   0.4817887
117.1220900   1.0901230
117.1676977   1.3178362
117.5822641   0.4242917
118.6857914   1.5193581
117.7180674   0.2002112
117.4599513   1.8648766
117.2741768   1.0384522
118.6801239   1.3444084
118.1336474   1.0008140
118.2119499   1.8203612
117.3749114   0.5078266
118.8525475   0.8058443
117.0585293   0.9777029
118.4508628   0.7225835
118.0202460   2.2783029
117.7864624   1.0714060
118.5005601   1.2124261
117.7928959   1.9675957
118.5766979   1.2089114
117.9572583   1.9623574
117.7274315   0.5644958
118.3852826   1.6094918
118.1086047   1.1382444
117.1520881   1.1315977
118.7601638   0.6815331
118.1022891   1.5233690
118.1501376   0.7654036
117.8843359   1.8452613
118.2985270   1.0368765
118.1194025   2.0153689
117.9066452   1.9118935
118.1429330   2.2412621
117.1455611   0.9925224
118.3490763   1.9031079
118.3183520   1.1471003
117.3625849   0.7517255
117.0313970   1.5670252
117.9090116   0.9425269
118.2966219   2.3839161
117.1683487   1.5146433
117.2542286   0.7552246
117.7684722   0.9088914
117.8638464   0.8441340
117.3817185   0.4213442
117.4647275   0.1922987
117.8503081   1.2018804
118.0459069   1.3642560
118.0451054   1.4769971
117.2797417   1.8387024
116.9387639   1.7780175
117.3385607   0.9132429
118.8655378   1.0308473
118.3403467   0.9980910
118.8057834   0.7810246
118.5242745   1.6489898
118.7873634   0.6719860
117.3978864   1.7431850
117.9629386   1.1233774
118.1756830   0.4448180
118.1219431   1.3905358
117.2446240   0.6298224
117.2983078   0.8611719
117.5233605   1.2736595
117.5755169   1.9122556
117.3104934   0.2598810
116.9836014   1.6065638
118.3821234   1.4467972
118.4083640   1.3048495
117.8113777   2.0332191
117.4624074   1.3137934
116.8232681   1.4754674
118.5093604   1.4368870
118.1502831   1.4911538
117.2509302   1.8851282
117.9557562   1.8046271
118.5769033   1.5029346
118.4272824   1.1680217
117.1275211   0.6751289
118.0661728   0.5425077
117.8400718   1.0419822
117.4206262   1.9127141
117.9181343   1.7197156
118.4666166   1.4500186
117.1206304   0.9698636
118.3602898   0.5315196
118.8549424   0.7973352
118.4413100   1.6060592
118.3284223   0.9492419
117.8077459   0.5198894
117.0411135   1.5534533
117.3333645   0.5682663
118.5153674   1.3289920
117.8969821   0.8431609
117.9211250   1.6080887
117.4211422   1.1932578
117.5386236   0.2388517
117.9361357   0.6673394
117.3062327   1.4308681
118.5589602   1.8392872
117.4159389   1.1178796
117.3902246   1.9528110
117.2231650   1.8745113
118.0130972   2.2162797
117.1972716   0.8041712
117.9680869   1.4733801
117.9518231   0.3973394
118.7739791   1.2135274
117.8623425   2.0915950
117.5393796   1.4445245
117.3605690   0.4152875
117.7183085   0.6106023
117.9800500   0.3939919
117.6761750   0.9436068
117.4890182   1.4991809
117.7507176   0.5088161
117.6810872   1.1535374
118.0425227   0.6005505
117.6669199   1.4604146
118.5462112   0.8896051
118.1835867   1.6369992
118.4958468   1.4267046
118.5385638   0.7808844
118.4408285   1.7031564
117.4194209   0.1872112
117.3644835   1.1762257
118.3107429   1.2100553
118.3692267   0.7968172
117.4515702   0.5606180
118.2226809   0.5253366
118.1394995   1.8839708
117.2547784   0.7793534
118.6113742   1.3773267
118.1150771   1.6036511
117.8574680   0.7054650
117.7230327   1.4498131
117.6721111   2.0104849
118.0327669   1.0395065
118.3364334   0.9474259
118.5018569   1.3130187
117.1984856   0.9470429
118.1979424   1.7222019
118.1955169   0.8644234
117.1590011   1.2787146
118.3136224   1.8169081
117.9750782   0.5893214
117.7869197   0.6666043
117.8108727   0.8026915
117.2687361   1.6389469
117.8610548   2.1780896
118.6652897   1.1610472
117.0815443   0.9945587
117.8903444   0.9587267
117.1212262   1.7385204
117.6850663   2.1341652
118.5295646   1.4844206
117.9785136   1.4174689
117.9087081   1.3786727
117.3742949   1.5966177
117.4650856   1.8983266
118.0572743   1.6782229
118.3381819   1.1740175
118.5931198   1.0723414
118.0067578   1.8663482
117.3648600   1.1228140
117.7703078   1.7733545
117.2539267   1.0885091
118.1397725   1.7548593
118.3873832   1.2698936
117.2934529   0.6419584
117.6539154   0.5642023
118.3125112   1.8004614
118.3256393   0.4952454
118.0293090   2.2372604
117.7787840   0.9115847
118.6472653   1.3736404
117.9695425   0.7464556
118.6849708   1.4260684
118.0092037   2.0330400
118.6277650   1.6729754
118.0359482   1.6299185
117.8806134   1.1045631
117.9221565   0.3913051
118.0886026   2.1288215
118.4185799   1.3819833
117.8823243   0.9669334
117.2990865   1.5174099
117.8091716   0.9771947
118.4745098   1.1286045
118.2151165   0.8023812
117.7274360   0.4510131
117.9391292   0.9677839
117.5012497   1.7986669
118.3497330   1.4791506
117.0238737   1.6559707
117.6854770   0.7233518
117.7513844   0.6618211
117.7153666   0.3207369
117.2806513   0.5379124
118.0934474   1.7487820
117.5127798   0.4225601
118.6581487   1.1541343
118.3377656   1.5931358
118.2176445   0.4590309
117.0373395   0.8458554
117.3026990   0.3646285
117.4765232   1.1570673
117.2898639   0.9685061
118.5922329   1.4363374
117.4270234   0.6690330
117.5564426   0.9208772
118.2273576   2.2125545
117.9081679   0.7392926
118.2611187   0.7836632
116.8744654   1.2558663
117.7294844   0.5412689
117.5077027   1.0946935
118.3012503   1.5833453
117.9038662   1.6957184
117.1574905   1.3308550
118.4795709   1.3707748
118.3698054   0.4749874
118.6514305   1.2210637
118.2042422   1.7626340
117.5074753   1.7268276
118.1220632   1.7246855
118.0336994   1.3237028
117.8641582   2.0200330
117.9934706   0.7445948
118.4306108   0.9489293
118.0471964   2.2709603
118.0613514   2.2246160
117.8802180   0.3285383
117.4894174   0.3863182
118.5072335   1.4310514
117.1575243   0.8000464
118.6175023   1.1280794
117.0717710   1.2886108
117.4654142   1.6739756
117.6824203   0.2566343
116.8529348   1.3183054
117.1861500   1.7554859
117.9589130   1.7370125
117.2676954   1.3261398
117.0203729   1.7123343
117.6641964   0.4345167
118.5157108   1.6050948
117.5952749   0.2846324
117.2500313   0.6619439
118.0613322   2.0953461
117.7278033   1.2891941
118.7898194   1.1586469
118.0573360   0.3697619
118.1271585   1.8946295
117.6176008   0.4181841
118.4800702   1.1415194
116.9862672   0.9697924
117.4337191   1.7194335
117.3067720   1.5567637
117.2647402   1.8293552
118.1598288   2.1253188
118.5501809   1.2479808
118.3330448   2.1153222
117.0853280   1.3596300
117.7482480   1.9566975
117.2656260   1.4840151
117.6956417   1.0973906
118.5813520   1.7663411
118.6847574   0.8569211
117.9666434   0.8837611
118.4698834   1.8338224
118.0373020   1.3387803
117.8613653   1.6527184
117.6400157   1.6562680
118.7735497   0.9680818
117.2863723   0.3144546
117.9413052   0.5033359
118.7448653   1.3561619
118.5116932   0.9367658
117.8432403   1.0354771
118.4781938   1.3484722
118.0806370   1.7208314
117.5605963   0.9099624
117.9989801   1.0959755
117.4470578   1.2216473
117.8140476   1.3177268
117.6036239   0.9647029
118.2483242   1.5797099
118.1505488   2.2227923
117.3216746   0.7250836
118.5568794   1.5826958
117.7301282   1.9703304
117.2605206   1.8112256
117.9805256   1.7950491
118.4508087   0.8451035
118.0635462   2.2559773
118.3560620   1.9666168
117.9459314   1.8605036
118.1398239   1.2366276
118.4362778   1.5002330
117.5614914   0.9352404
117.7093421   0.2181185
118.5997127   1.6139290
117.6987865   1.6722442
117.1958712   0.9808586
118.3909070   1.7655655
117.4657939   2.0000958
117.4937716   1.5504722
118.0115706   1.4985258
117.5969063   1.9710919
117.7351210   1.1166474
116.7237382   1.6063948
117.7961288   0.3117239
118.6250463   0.6825889
117.2098154   1.2120699
116.8182593   1.6670789
117.7734513   1.4425032
117.0871833   1.7964169
117.2085760   0.5712341
117.4329229   1.5806629
117.4027352   0.9585982
118.5250787   1.2112593
118.7544278   1.1563659
117.2650984   1.5071305
117.4623852   0.4340087
117.3340805   1.3597845
117.5123090   0.4849114
118.5771680   0.6849975
117.0494067   1.3958549
117.6447522   0.7103738
117.8574678   1.5101988
117.4364035   0.6581675
118.1718873   2.1394061
118.6761416   0.7892238
117.6291721   0.5769882
117.8835914   0.7928343
118.3798091   0.7369440
117.8995564   1.4373853
117.8494392   1.5376103
116.9353830   1.7556848
117.7833242   0.8985644
118.4383144   2.0455337
118.1436299   1.9811599
117.7320120   1.1071984
118.7636378   1.3765069
117.6787921   0.8479500
117.4761783   1.3643369
118.8658355   1.0898898
118.2466974   1.8468258
117.0694483   1.2926650
117.9224198   1.2901841
117.5030872   0.9755317
118.1098541   1.0799745
117.2357137   0.4222530
117.1333401   1.0504604
117.3786682   1.3397522
118.5719485   0.8410889
117.6471099   0.4479769
117.6563770   0.2262784
118.7329502   0.6740537
118.1575580   1.5020659
117.0852588   1.6891420
117.1839442   1.4422573
118.3145190   1.6997927
117.9990424   2.1480540
117.1356293   1.1598353
117.1082759   1.3879968
117.8004450   1.6035556
117.4606322   0.3813603
117.4887094   1.8233202
118.3541049   1.4962020
117.5146556   0.4323439
118.3636046   2.1012544
116.8745010   1.6225645
118.0730518   1.3146260
117.3306114   1.5047343
118.4510784   1.5962327
117.6586736   1.0854109
117.5155715   0.2853283
118.1235154   1.7367421
117.5528657   1.1429249
118.2349032   0.9192395
117.8253570   1.6552379
117.4553595   1.3587164
117.8581105   0.5633606
117.9749965   1.4979114
117.5070092   0.8039180
118.2426691   1.7904026
117.3071313   0.6216090
118.0292547   1.3639391
119.2598555  -0.8884481
